0.006,-0.11256027,-1.0597967,-1.465985,0.005,0.32634863,-0.26773614,0.75877404
0.012,0.2653532,-0.997154,-0.8653667,0.011,0.29030758,-0.2597949,0.6958549
0.022,0.52304935,-1.0149691,-0.3348117,0.021,0.30374664,-0.1785498,0.6292706
0.032,0.5651436,-1.0985162,-0.4942634,0.031,0.27503595,-0.1101329,0.5852883
0.042,0.7049246,-0.99962276,-0.07862115,0.041,0.27381423,-0.060652815,0.5461929
0.052,0.7056351,-0.8653662,0.20662904,0.051,0.2939728,0.003488034,0.5180931
0.062,0.47955513,-0.73796386,0.23455667,0.061,0.30557922,0.06029851,0.49793458
0.072,0.36160278,-0.6382962,0.19057631,0.071,0.3116879,0.11161118,0.4838847
0.082,0.28203773,-0.4859537,0.06530523,0.081,0.30802268,0.15131742,0.47716516
0.092,0.20212555,-0.35276392,-0.09274435,0.091,0.28236634,0.1781955,0.47044566
0.102,0.14165783,-0.2715695,-0.15423822,0.101,0.24632528,0.18063897,0.46555874
0.112,0.11860752,-0.26559183,-0.20051622,0.111,0.20600818,0.18308243,0.46311527
0.122,0.12449551,-0.3014128,-0.2539301,0.121,0.16446935,0.184915,0.46128267
0.132,0.11983776,-0.3489552,-0.29416537,0.131,0.13148263,0.18613675,0.4576175
0.142,0.12504482,-0.3335086,-0.3012731,0.141,0.11010235,0.19163454,0.44967625
0.152,0.15923405,-0.3002993,-0.3495574,0.151,0.099106774,0.19835407,0.4344046
0.162,0.12890244,-0.29207242,-0.28316998,0.161,0.09238726,0.20140839,0.41119173
0.172,-0.039479256,-0.29916447,-0.5203706,0.171,0.09238726,0.18735847,0.38981143
0.182,-0.031282425,-0.289573,-0.33630824,0.181,0.09177639,0.16231301,0.36354423
0.192,-0.036459923,-0.31739974,-0.2837348,0.191,0.10093937,0.15925866,0.32689232
0.202,-0.0776453,-0.3637582,-0.22288752,0.201,0.09605245,0.1586478,0.2939056
0.212,-0.55251217,-0.4993605,-0.3109839,0.211,0.09666332,0.15070656,0.260308
0.222,-0.19932938,-0.4692024,-0.11113691,0.221,0.0881112,0.14032185,0.22304523
0.232,-0.223176,-0.55690587,-0.019173384,0.231,0.08078082,0.15253916,0.1760086
0.242,-0.26039028,-0.60747904,0.03585267,0.241,0.08933293,0.14704138,0.15035225
0.252,-0.2714386,-0.63972765,-0.0059814453,0.251,0.09666332,0.14337617,0.12713937
0.262,-0.25391197,-0.68000615,-0.099256516,0.261,0.11437841,0.14154357,0.1057591
0.272,-0.5125513,-0.76466596,-0.40360904,0.271,0.11682187,0.11038945,0.09781785
0.282,-0.35083103,-0.7578747,-0.047201157,0.281,0.17851925,0.116498105,0.08865487
0.292,-0.37623405,-0.7431965,-0.31198978,0.291,0.19623435,0.103059076,0.08254622
0.302,-0.41421986,-0.69191027,-0.36512995,0.301,0.22433415,0.079846196,0.080713615
0.313,-0.45903683,-0.59364307,-0.42978692,0.312,0.2499905,0.04930293,0.07643756
0.322,-0.39967632,-0.4191969,-0.5050523,0.321,0.26159692,0.010818422,0.06483112
0.332,-0.35705662,-0.28467536,-0.52265024,0.331,0.2670947,-0.028887823,0.054446414
0.342,-0.07720947,-0.08258796,-0.45222116,0.341,0.26953816,-0.061874546,0.044061705
0.352,0.066553116,-0.048960984,-0.4225912,0.351,0.265873,-0.08630916,0.028790073
0.362,0.25550365,0.029177606,-0.105271816,0.361,0.25671,-0.09486127,0.011074983
0.372,0.30361938,0.05039835,-0.079063654,0.371,0.24571443,-0.06920493,-0.017635684
0.382,0.3379631,0.09880847,0.027018547,0.381,0.23349713,-0.042937722,-0.03229645
0.392,0.3450098,0.1423673,0.1210382,0.391,0.2182255,-0.031331282,-0.045735482
0.402,0.29972363,0.20775598,0.22188687,0.401,0.202343,-0.016670518,-0.0561202
0.414,0.2798376,0.25581336,0.31202483,0.413,0.18584964,-0.0056749433,-0.064672306
0.422,0.22441769,0.30241376,0.35042906,0.421,0.15469551,0.010818422,-0.073224425
0.432,0.24719429,0.36355886,0.34201264,0.431,0.11865447,0.02731178,-0.07994394
0.442,0.28128815,0.45289105,0.26598883,0.441,0.08627861,0.048081197,-0.07933307
0.452,0.28009415,0.52149725,0.17718005,0.451,0.046572365,0.07251581,-0.07811135
0.462,0.3560238,0.64183044,0.18716788,0.461,0.003200932,0.09450696,-0.0823874
0.472,0.3714428,0.6823305,0.18457294,0.471,-0.0401705,0.11710898,-0.084830865
0.482,0.28905582,0.6556652,0.29682994,0.481,-0.07743328,0.1323806,-0.09155038
0.492,0.19648266,0.61226594,0.42977786,0.491,-0.11652865,0.15498263,-0.098269895
0.502,0.07563591,0.5300865,0.51435804,0.501,-0.14523932,0.17208683,-0.10926546
0.512,-0.116472244,0.38414985,0.5730121,0.511,-0.1684522,0.18980193,-0.11903931
0.522,-0.24854279,0.2376666,0.55920243,0.521,-0.19716288,0.19652146,-0.13614354
0.532,-0.36286926,0.10417265,0.48880172,0.531,-0.22037575,0.18674761,-0.1489717
0.542,-0.4992237,-0.042442977,0.42026758,0.541,-0.24236691,0.1678108,-0.16057815
0.552,-0.5813265,-0.17321342,0.34882045,0.551,-0.26435804,0.13604578,-0.16974112
0.562,-0.5625515,-0.260567,0.30095625,0.561,-0.28696007,0.103059076,-0.17829324
0.572,-0.5015173,-0.30735123,0.30152822,0.571,-0.30650777,0.07251581,-0.19051054
0.582,-0.5336027,-0.4111793,0.24567628,0.581,-0.31933594,0.03586389,-0.19478661
0.592,-0.44555378,-0.45634443,0.2691648,0.591,-0.32972065,0.0059314966,-0.20272785
0.602,-0.40488148,-0.52574706,0.34169793,0.601,-0.33216408,-0.022168305,-0.21250169
0.612,-0.366951,-0.6050158,0.45730376,0.611,-0.32788804,-0.039883398,-0.22105381
0.622,-0.3029318,-0.78422034,0.5928278,0.621,-0.3162816,-0.056987625,-0.2351037
0.632,-0.33594704,-0.8526254,0.6411283,0.631,-0.3003991,-0.06920493,-0.24915361
0.642,-0.35459232,-0.9334479,0.63429546,0.641,-0.28207314,-0.078367904,-0.2619818
0.652,-0.45569897,-0.9813997,0.6472378,0.651,-0.2668015,-0.08325483,-0.28030774
0.662,-0.48961544,-0.9702494,0.62628245,0.661,-0.25030816,-0.08875261,-0.2845838
0.672,-0.5163698,-0.9686259,0.6748948,0.671,-0.24481036,-0.099748194,-0.29557937
0.682,-0.4821186,-0.94079816,0.7667937,0.681,-0.23625825,-0.112576365,-0.30596408
0.692,-0.42511177,-0.9319605,0.89320636,0.691,-0.22465181,-0.122961074,-0.32367918
0.702,-0.42160702,-0.94437784,1.0277827,0.701,-0.21060191,-0.12357193,-0.34017253
0.712,-0.38051414,-0.9331232,1.1341152,0.711,-0.19288681,-0.11990674,-0.3603311
0.722,-0.3174982,-0.8820181,1.157407,0.721,-0.18005864,-0.11685242,-0.3865983
0.732,-0.32102585,-0.86824965,1.1941466,0.731,-0.16234356,-0.10646771,-0.41164377
0.742,-0.30727673,-0.8231337,1.160598,0.741,-0.15501317,-0.0942504,-0.43791097
0.752,-0.3173008,-0.79266983,1.1381707,0.751,-0.14951539,-0.09180694,-0.46662164
0.762,-0.31269836,-0.7398483,1.0693285,0.761,-0.15379144,-0.08447656,-0.4861693
0.772,-0.35836506,-0.7045517,1.0495317,0.771,-0.16234356,-0.08447656,-0.5032736
0.782,-0.36192703,-0.6706251,1.0089583,0.781,-0.17578259,-0.079589635,-0.50877136
0.792,-0.2948923,-0.62575644,1.0201612,0.791,-0.19166508,-0.08081137,-0.5191561
0.802,-0.2910776,-0.6576538,1.0752101,0.801,-0.20999104,-0.07714618,-0.52587557
0.812,-0.30579758,-0.66835165,1.2194006,0.811,-0.21182364,-0.06431801,-0.5307625
0.822,-0.31284714,-0.6940622,1.2401328,0.821,-0.20876932,-0.056987625,-0.5399255
0.832,-0.28849602,-0.820415,1.1908841,0.831,-0.20327152,-0.055765893,-0.5417581
0.842,-0.1487236,-1.1030382,0.891906,0.841,-0.17333913,-0.08081137,-0.52587557
0.852,0.101023674,-1.4869716,0.26464105,0.851,-0.12202644,-0.1559478,-0.47334114
0.862,0.4533825,-1.606044,-0.55400467,0.861,-0.084152795,-0.30316633,-0.37804618
0.872,0.83298206,-1.3858651,-1.1975551,0.871,-0.103089616,-0.53468424,-0.25770572
0.882,1.3946962,-1.186027,-0.88676214,0.881,-0.14157414,-0.78269553,-0.11354153
0.892,2.3512087,-1.0643866,0.27343488,0.891,-0.10797654,-0.91219896,0.027568344
0.902,4.0551987,-0.9926173,2.5875242,0.901,0.0160291,-0.8126279,0.124085054
0.912,4.0008726,-1.2580905,3.014972,0.911,0.19073656,-0.46932167,0.1619587
0.927,3.3807735,-1.39146,2.2939932,0.921,0.37094182,-0.025833495,0.16073698
0.932,2.486926,-1.243558,1.2827008,0.931,0.4815084,0.34251824,0.119809
0.942,1.4869108,-0.97575176,0.42707276,0.941,0.49800178,0.67360723,-0.012748763
0.952,0.5087652,-0.61970425,-0.34639764,0.951,0.45157602,0.79578024,-0.13797614
0.962,-0.46997547,-0.24668725,-1.1204203,0.961,0.3672766,0.83426476,-0.28214034
0.972,-1.5211477,-0.078288525,-1.8085165,0.971,0.288475,0.7811195,-0.41164377
0.982,-2.4163165,-0.02145224,-2.524752,0.981,0.2182255,0.5624297,-0.50571704
0.992,-3.033064,0.03885785,-3.1279848,0.991,0.17241059,0.28998384,-0.5643601
1.002,-3.1224895,0.24560003,-3.6534314,1.001,0.12476312,-0.03438561,-0.5716905
1.012,-2.5768452,0.49439737,-3.7099538,1.011,0.0881112,-0.35570073,-0.56191665
1.022,-1.780294,0.6464956,-2.9964666,1.021,0.09116553,-0.6110424,-0.5295408
1.032,-0.9805498,0.8713842,-2.1413035,1.031,0.12965003,-0.7246633,-0.48189327
1.042,-0.31215286,1.2352052,-1.438641,1.041,0.17607579,-0.7075591,-0.42080674
1.052,0.15966892,1.5257583,-0.88683176,1.051,0.23166452,-0.6232597,-0.35972023
1.062,0.47831059,1.6275232,-0.6156945,1.061,0.28053376,-0.4931454,-0.29069245
1.072,0.7198105,1.6080042,-0.519328,1.071,0.31352046,-0.35508984,-0.21677776
1.082,0.9117775,1.6012852,-0.48637164,1.081,0.28908587,-0.13090232,-0.1208719
1.092,1.0343647,1.6114717,-0.3633374,1.091,0.23594059,0.01692707,-0.07872221
1.102,1.132577,1.6228697,-0.28224874,1.101,0.16202588,0.14520878,-0.06955923
1.112,1.1101809,1.5546801,-0.122341156,1.111,0.10093937,0.24783415,-0.08177653
1.122,1.1064625,1.4253649,-0.15756512,1.121,0.05756794,0.31380758,-0.11537412
1.132,1.0760336,1.1360064,-0.22041893,1.131,0.023359485,0.33579874,-0.15508036
1.142,1.0726814,0.85522103,-0.10328746,1.141,0.005033528,0.34129652,-0.19906266
1.152,1.0349617,0.6189555,0.03755474,1.151,0.015418237,0.33274442,-0.24426669
1.162,0.96620846,0.48869067,0.07051206,1.161,0.036798522,0.311975,-0.29374677
1.172,0.81640625,0.38911098,0.29272175,1.171,0.07650476,0.29487076,-0.33100954
1.182,0.6301174,0.26828593,0.32120776,1.181,0.12109793,0.29731423,-0.3615528
1.192,-0.0035076141,0.13401186,0.3385074,1.191,0.16080415,0.29364905,-0.36949405
1.202,-0.30491352,0.07360184,0.3206699,1.201,0.19989954,0.30586633,-0.3615528
1.212,-0.65703297,0.025014043,0.19170761,1.211,0.23655145,0.3223597,-0.34139428
1.222,-0.993803,-0.03492987,0.064062595,1.221,0.28175548,0.33152267,-0.288249
1.235,-1.2926846,-0.092326105,-0.09195113,1.234,0.3184074,0.31502932,-0.25159708
1.242,-1.6154299,-0.15859044,-0.34955406,1.241,0.35261583,0.2765448,-0.20822564
1.252,-1.8195624,-0.24727643,-0.59603405,1.251,0.3904895,0.2026301,-0.15874556
1.262,-1.9293947,-0.25631875,-0.7753693,1.261,0.42225447,0.11771984,-0.10560028
1.272,-1.8997536,-0.21390933,-0.8484719,1.271,0.4466891,0.024257451,-0.04878981
1.282,-1.7648597,-0.11261314,-0.88673496,1.281,0.45585206,-0.04965724,0.006798925
1.292,-1.474134,0.11673772,-0.88634133,1.291,0.4570738,-0.11318722,0.059333336
1.302,-1.1084747,0.44553483,-0.89057016,1.301,0.43996957,-0.1626673,0.09842871
1.312,-0.6828537,0.8189269,-0.78142047,1.311,0.40515026,-0.1944323,0.12775025
1.322,-0.29572105,1.1585422,-0.57471585,1.321,0.3605571,-0.19931921,0.14241101
1.333,0.049128532,1.4749589,-0.4329145,1.331,0.311077,-0.16999769,0.14913052
1.342,0.23841763,1.734266,-0.38591933,1.341,0.26342952,-0.127848,0.14790879
1.352,0.36795712,1.9813486,-0.50753164,1.351,0.21517117,-0.083865695,0.13508062
1.362,0.45803738,2.1096818,-0.7403796,1.361,0.170578,-0.046602912,0.10331564
1.372,0.5593891,2.1214578,-0.9526112,1.371,0.1021611,-0.031942148,0.07155064
1.382,0.5341368,2.0035734,-1.0810994,1.381,0.062454864,-0.024000902,0.03856392
1.392,0.45637894,1.8262628,-1.1068777,1.391,0.025802946,-0.017892249,0.014129308
1.402,0.40265846,1.5640342,-1.0687455,1.401,-0.005962047,-0.013616189,-0.0041966494
1.412,0.31328583,1.2323223,-0.98268354,1.411,-0.036505308,-0.0013988838,-0.015192222
1.422,0.19290829,0.89932,-0.82771814,1.421,-0.060939915,0.007153228,-0.012748763
1.432,0.06994343,0.6041653,-0.7096535,1.431,-0.08476366,0.001655437,-0.0078618415
1.442,-0.031856537,0.33853114,-0.5488516,1.441,-0.0963701,-0.014837921,-0.0023640543
1.452,-0.12549305,0.08190322,-0.36154747,1.451,-0.101257026,-0.027055226,0.0019120034
1.462,-0.21920586,-0.15564156,-0.12767601,1.461,-0.09270491,-0.0380508,0.0055771954
1.472,-0.42317486,-0.47728926,0.330189,1.471,-0.07315722,-0.0539333,0.009242386
1.482,-0.47195816,-0.5880837,0.5036335,1.481,-0.04139223,-0.064928874,0.013518443
1.492,-0.51470375,-0.6587988,0.6389973,1.491,7.574712E-4,-0.08875261,0.015351038
1.502,-0.5045109,-0.67845917,0.8000102,1.501,0.0459615,-0.14678481,0.015351038
1.512,-0.40355396,-0.6668924,1.0110292,1.511,0.12048706,-0.18832365,0.034287862
1.522,-0.34457493,-0.6321447,1.280051,1.521,0.16996714,-0.21397999,0.0477269
1.532,-0.22363377,-0.5344111,1.5321248,1.531,0.22738847,-0.22497556,0.0617768
1.542,-0.11856842,-0.40789956,1.6970389,1.542,0.2848098,-0.21520174,0.078881025
1.552,-0.057976723,-0.2793159,1.7886357,1.551,0.34162027,-0.19076711,0.09659612
1.562,-0.034388542,-0.1353113,1.8063157,1.561,0.38987863,-0.15289347,0.11186774
1.572,-0.057374,-0.028693914,1.8413079,1.571,0.44119132,-0.10463511,0.12897198
1.582,-0.17500591,0.09301901,1.772578,1.581,0.48761708,-0.049046375,0.14729793
1.592,-0.3362627,0.24780023,1.7498522,1.591,0.5267125,0.005320631,0.17173254
1.602,-0.4816227,0.4160148,1.6423812,1.601,0.56031007,0.051135525,0.19677801
1.612,-0.61999893,0.53805745,1.4533525,1.611,0.5816904,0.08290052,0.22426696
1.622,-0.7361345,0.63374543,1.2739701,1.621,0.5981837,0.1061134,0.24625811
1.632,-0.8280773,0.7239171,1.0865543,1.631,0.6067358,0.11894157,0.27191445
1.645,-0.8650732,0.8325181,0.8924556,1.644,0.6030706,0.12199589,0.29512733
1.652,-0.8366022,0.95422673,0.7773049,1.651,0.5859664,0.11771984,0.3201728
1.662,-0.785532,1.0231661,0.7503152,1.661,0.57130563,0.11710898,0.33483356
1.672,-0.76649857,1.0608203,0.77647114,1.671,0.556034,0.12871543,0.34644002
1.682,-0.76530075,1.0745692,0.7569318,1.681,0.5438167,0.13421321,0.3592682
1.692,-0.8192501,1.0193152,0.7497041,1.691,0.54076236,0.13360232,0.3763724
1.702,-0.8147478,0.94623667,0.79200387,1.701,0.53770804,0.12993714,0.39897442
1.712,-0.81881046,0.81085265,0.79722023,1.711,0.53770804,0.13176975,0.42829594
1.722,-0.80871105,0.6465955,0.85602736,1.721,0.54320586,0.13604578,0.464337
1.732,-0.8534603,0.42399055,0.96775126,1.731,0.55359054,0.15803695,0.5150388
1.742,-0.91194534,0.24808711,1.0435405,1.741,0.5633644,0.19346714,0.5724601
1.752,-0.621295,0.12185615,0.31915045,1.751,0.5700839,0.22706473,0.636601
1.762,0.16622639,0.2727911,-0.74862003,1.761,0.57985777,0.22278866,0.6940223
1.772,1.4010658,0.064781666,-1.8867164,1.771,0.6220074,0.114665516,0.7239547
1.782,2.8067064,-0.68491936,-1.85594,1.781,0.6983656,-0.16327818,0.70440704
1.792,4.2120953,-0.5918895,-0.8368051,1.791,0.89628595,-0.75093055,0.5687949
1.802,5.4989185,0.49309975,-1.1578511,1.801,0.95004207,-0.9586247,0.41668952
1.812,5.9990396,1.511493,-1.8636446,1.811,0.782665,-0.87188184,0.2810774
1.822,5.732398,1.8649457,-2.4626212,1.821,0.43386093,-0.472376,0.19066937
1.832,4.9984846,1.9470336,-2.763804,1.831,0.062454864,-0.017281383,0.13080457
1.842,3.8420324,1.8650789,-2.6703885,1.841,-0.18005864,0.26921442,0.08743314
1.852,2.355649,1.6654727,-2.21204,1.851,-0.3095621,0.45125228,0.09476352
1.862,0.8295288,1.2254841,-1.449639,1.861,-0.3651508,0.64734,0.1815064
1.872,-0.5388899,0.60233396,-0.73009956,1.871,-0.33277497,0.83426476,0.3183402
1.882,-1.6576805,-0.047852457,-0.20120788,1.881,-0.22709528,0.98453766,0.47716516
1.892,-2.6210022,-0.62945384,-0.13137245,1.891,-0.06643771,1.0651718,0.6286597
1.902,-3.1876893,-0.9133888,-0.28106427,1.901,0.111934945,1.0651718,0.75571966
1.912,-3.5331059,-1.1748487,-0.872427,1.911,0.29152933,0.96865517,0.8418517
1.922,-3.6329818,-1.3974116,-1.5556277,1.921,0.42653054,0.65833557,0.87728184
1.932,-3.3008933,-1.4391377,-2.2250285,1.931,0.5175495,0.37061805,0.8400191
1.942,-2.7498913,-1.3621137,-2.8164964,1.941,0.4711237,0.041361682,0.7538871
1.954,-2.0058312,-1.2999612,-3.160687,1.953,0.32085085,-0.2946142,0.618275
1.962,-1.2663307,-1.2707064,-2.7560215,1.961,0.11071321,-0.5426255,0.46250442
1.972,-0.5990763,-1.2625234,-2.2299306,1.971,-0.13302203,-0.6727398,0.30856636
1.982,0.032870293,-1.2606981,-1.6903019,1.981,-0.35171178,-0.7429893,0.18456072
1.992,0.714694,-1.0890179,-1.0611982,1.991,-0.48243695,-0.7949128,0.09415266
2.002,1.2638092,-0.87231475,-0.43693852,2.001,-0.5423017,-0.8150714,0.05078122
2.012,1.7464361,-0.6734727,0.46007895,2.011,-0.54535604,-0.76864564,0.06483112
2.022,2.1193447,-0.3787699,1.2084548,2.021,-0.50992584,-0.64219654,0.12713937
2.032,2.4231138,0.09234978,1.9407928,2.031,-0.4427307,-0.43389148,0.21204965
2.042,2.5686321,0.86870474,2.3847582,2.041,-0.36759427,-0.14800654,0.2987925
2.056,2.2237873,0.9111214,1.8414938,2.055,-0.3162816,0.17880636,0.35987905
2.062,1.7178907,0.8286016,1.0202901,2.061,-0.30345342,0.45491743,0.38920057
2.072,1.0830154,0.5707073,0.25055432,2.071,-0.36881602,0.7182004,0.38614625
2.082,0.5274887,0.27552345,-0.31283236,2.081,-0.45433715,0.81349534,0.36171165
2.092,-0.117274284,-0.1024591,-0.72295547,2.091,-0.54657775,0.8672515,0.31956193
2.102,-0.69698334,-0.45761865,-1.0479405,2.101,-0.62232506,0.87274927,0.25542107
2.112,-1.2168398,-0.7340832,-1.4286096,2.111,-0.6846333,0.82937783,0.17295428
2.122,-1.7921515,-1.0066701,-1.8537513,2.121,-0.72739387,0.7035396,0.08132449
2.132,-2.268567,-1.2006965,-2.2070749,2.131,-0.7512176,0.506841,-0.012748763
2.142,-2.6084146,-1.2782152,-2.2603445,2.141,-0.7707653,0.25333193,-0.09093951
2.152,-2.7005968,-1.1505115,-2.0776362,2.151,-0.7725979,-0.024000902,-0.15996729
2.162,-2.5619798,-0.9752172,-1.7256272,2.161,-0.7603806,-0.29155988,-0.21799949
2.172,-2.1159515,-0.7500778,-1.1995589,2.171,-0.7487742,-0.5126931,-0.25526226
2.182,-1.400301,-0.48858547,-0.58810663,2.181,-0.7353351,-0.64708346,-0.28519467
2.192,-0.65936375,-0.3299296,-0.16624665,2.191,-0.72983736,-0.69839615,-0.31390533
2.202,-0.0018119812,-0.21971595,0.12385106,2.201,-0.7304482,-0.67884845,-0.34017253
2.212,0.602828,-0.09890494,0.29259515,2.211,-0.74022204,-0.5682818,-0.36949405
2.222,1.0271435,-0.029147774,0.3068688,2.221,-0.75976974,-0.46443474,-0.3884309
2.232,1.2601576,-0.01879704,0.28920817,2.231,-0.78115004,-0.36058766,-0.40064818
2.242,1.2978144,-0.038300782,0.16103053,2.241,-0.8068064,-0.27079046,-0.40981117
2.252,1.1586847,-0.14239478,-0.036844015,2.251,-0.8379605,-0.20481703,-0.40797856
2.262,0.9653921,-0.3088099,-0.21892428,2.261,-0.86667114,-0.16816509,-0.40186992
2.272,0.7953911,-0.44287762,-0.3681662,2.271,-0.88805145,-0.14678481,-0.39637214
2.282,0.5798588,-0.5446929,-0.5418571,2.281,-0.9045448,-0.14739567,-0.38904175
2.292,0.4108219,-0.58478695,-0.6578126,2.291,-0.9277577,-0.15839125,-0.37987876
2.302,0.29506588,-0.50816023,-0.75847495,2.301,-0.9650205,-0.18649106,-0.37132666
2.312,0.21729279,-0.3948805,-0.6773933,2.311,-1.0175549,-0.20481703,-0.36094195
2.322,0.12017059,-0.069407314,-0.3315785,2.321,-1.0780306,-0.2225321,-0.36094195
2.332,0.061429024,0.05660042,-0.19507718,2.331,-1.1470582,-0.22925162,-0.35972023
2.342,0.06394577,0.1545216,-0.033906937,2.341,-1.2246382,-0.22925162,-0.35788763
2.352,0.13755798,0.30472675,0.09916377,2.351,-1.3626938,-0.21397999,-0.3670506
2.364,0.16755772,0.4496768,0.21717417,2.363,-1.4573778,-0.18588018,-0.38232222
2.372,0.1742487,0.54532737,0.30095136,2.371,-1.5618358,-0.1522826,-0.41042203
2.382,0.18511581,0.56588763,0.3936906,2.381,-1.6583525,-0.12051761,-0.44401962
2.392,0.23732376,0.4863801,0.43624258,2.391,-1.746928,-0.089363486,-0.48983452
2.402,0.20629692,0.32914135,0.5006633,2.401,-1.8177884,-0.061874546,-0.5521428
2.412,0.19486141,0.16903964,0.47616363,2.411,-1.8800966,-0.036218204,-0.6230032
2.422,0.2032013,-0.03691578,0.3788967,2.421,-1.9375179,-0.008729272,-0.6975287
2.432,0.19905853,-0.25224108,0.23860717,2.431,-1.9857763,0.02303572,-0.7787738
2.442,0.17409134,-0.4669345,0.05429721,2.441,-2.0248716,0.051135525,-0.85879713
2.452,0.13911438,-0.6648641,-0.14257395,2.451,-2.0566366,0.0743484,-0.93637705
2.467,0.086649895,-0.87690794,-0.3152846,2.461,-2.0829039,0.076181,-1.0151786
2.472,0.026103973,-1.1310458,-0.46722353,2.471,-2.1030624,0.06457456,-1.0921476
2.482,-0.009094238,-1.3894048,-0.6251489,2.481,-2.114058,0.048692062,-1.1617862
2.492,-0.06620312,-1.6414591,-0.85526633,2.491,-2.1177232,0.0047097653,-1.2405878
2.502,-0.15523148,-1.7925448,-1.0505644,2.501,-2.1195557,-0.050268106,-1.2723528
2.512,-0.23118114,-1.9284596,-1.2627076,2.511,-2.1171124,-0.12051761,-1.2864028
2.522,-0.27922726,-2.1443725,-1.40151,2.521,-2.1006188,-0.21397999,-1.2778506
2.532,-0.20831108,-2.383326,-1.5105765,2.531,-2.0700758,-0.30805323,-1.2454748
2.542,-0.085639,-2.5646946,-1.7027445,2.541,-2.0346456,-0.4106786,-1.1898861
2.552,0.14151096,-2.6644354,-1.9004567,2.551,-2.0096,-0.50841707,-1.1178039
2.562,0.46356964,-2.5938222,-2.1042492,2.561,-1.9931067,-0.60859895,-1.0304502
2.572,0.7765007,-2.1867907,-2.2648106,2.571,-2.0053241,-0.71427864,-0.91988367
2.582,0.9717369,-1.4345157,-2.3477836,2.581,-2.0609126,-0.8114062,-0.7873259
2.592,1.3427162,-0.4526783,-2.0753868,2.591,-2.1464338,-0.8694384,-0.6663746
2.602,2.0720892,0.6824182,-0.42040658,2.601,-2.2105746,-0.86332977,-0.5686362
2.612,2.2351904,0.8120973,0.7458929,2.611,-2.2056878,-0.7765869,-0.5032736
2.622,2.185522,0.89435244,1.39691,2.621,-2.1146688,-0.5988251,-0.47822806
2.632,1.7851,1.0461293,1.2403498,2.631,-1.9674504,-0.3752484,-0.49227795
2.642,1.230689,1.2165943,0.6300427,2.641,-1.819621,-0.08569829,-0.5515319
2.652,0.6791487,1.3427157,0.2191863,2.651,-1.8177884,0.008374959,-0.6028446
2.662,0.09063721,1.3406806,-0.49835104,2.661,-1.8446664,0.06640715,-0.66515285
2.673,-0.31038857,1.4191599,-0.8656524,2.672,-1.9375179,0.06579629,-0.7262394
2.682,-0.6165886,1.3577769,-1.126922,2.681,-2.0309803,0.02120313,-0.7879368
2.692,-0.8689642,1.1756299,-1.153357,2.691,-2.1091712,-0.056987625,-0.84535813
2.702,-0.84150696,1.0451012,-1.0558932,2.701,-2.159262,-0.16755423,-0.90277946
2.712,-0.6814289,0.81682956,-0.7477824,2.711,-2.1714792,-0.29400334,-0.9595899
2.722,-0.49512482,0.4345783,-0.31131637,2.721,-2.141547,-0.41006774,-0.9968527
2.732,-0.25621605,0.075452685,0.16446447,2.731,-2.0890126,-0.5145257,-1.0109025
2.742,0.0031766891,-0.23740363,0.7830728,2.741,-2.0212064,-0.57377964,-0.9950201
2.752,0.30367565,-0.41223842,1.4609867,2.751,-1.9307984,-0.59271646,-0.9626442
2.762,0.56046295,-0.46810502,1.9483008,2.761,-1.8171775,-0.5566754,-0.913775
2.775,0.7151089,-0.446746,2.18242,2.774,-1.710887,-0.48764762,-0.8569645
2.782,0.9289007,-0.30798924,2.384854,2.781,-1.5502293,-0.30316633,-0.7861042
2.792,1.0088863,-0.25608075,2.2233653,2.791,-1.4647082,-0.16205645,-0.7543392
2.802,0.964612,-0.31372845,1.8500668,2.801,-1.3944588,-0.02644436,-0.7311263
2.812,0.72502804,-0.4647162,1.260798,2.811,-1.3443677,0.07495927,-0.7146329
2.822,0.3323803,-0.6590756,0.6511638,2.821,-1.3242092,0.12199589,-0.69203097
2.832,-0.060944557,-0.8277485,0.3210088,2.831,-1.2991637,0.11405464,-0.6578225
2.842,-0.5070543,-0.89967036,0.1661042,2.841,-1.2741183,0.06152024,-0.6120076
2.852,-0.89139843,-0.8373071,0.30018067,2.851,-1.2356337,-0.002620615,-0.5686362
2.862,-1.0136023,-0.5901661,0.5735843,2.861,-1.175769,-0.058820218,-0.5380929
2.877,-1.1232796,-0.34106302,0.7186848,2.871,-1.1268997,-0.10524598,-0.51243657
2.882,-1.1267548,0.10573888,0.94866085,2.881,-1.0664241,-0.15167174,-0.49838665
2.892,-1.054841,0.25501847,0.99613595,2.891,-1.0041158,-0.16816509,-0.483115
2.902,-0.9745016,0.39013875,0.796417,2.901,-0.953414,-0.17916067,-0.47150856
2.912,-0.97895813,0.33607686,0.674433,2.911,-0.9106535,-0.182215,-0.4672325
2.922,-1.0084438,0.22417581,0.4835837,2.921,-0.8617842,-0.17366289,-0.45623693
2.932,-1.0693493,0.08300662,0.2861761,2.931,-0.8440691,-0.18099326,-0.44340876
2.942,-1.1751881,-0.055387974,0.12266421,2.941,-0.8342953,-0.19870836,-0.42447194
2.952,-1.2031384,-0.078272104,-0.014297962,2.951,-0.83673877,-0.22925162,-0.3914852
2.962,-1.1619186,-0.03058052,-0.10786891,2.961,-0.84712344,-0.27628824,-0.3548333
2.972,-1.0036821,0.13455462,-0.050427318,2.971,-0.8605625,-0.32515746,-0.31207272
2.982,-0.78206253,0.3534925,0.041707873,2.981,-0.8794993,-0.36547455,-0.27297735
2.992,-0.46085167,0.5569787,0.18839908,2.991,-0.8941601,-0.40090474,-0.24060151
3.002,-0.1470499,0.72325397,0.30052316,3.001,-0.9045448,-0.40762427,-0.22227554
3.012,0.1261425,0.7728486,0.4148153,3.011,-0.9124861,-0.39785042,-0.2088365
3.022,0.34800434,0.71585083,0.4940672,3.021,-0.92287076,-0.37463754,-0.192954
3.032,0.49361706,0.5975723,0.6027081,3.031,-0.9314229,-0.33615303,-0.18195844
3.042,0.5702505,0.48304534,0.67708385,3.041,-0.9363098,-0.28178602,-0.16913027
3.052,0.5707741,0.41538954,0.7586287,3.051,-0.9485271,-0.2243647,-0.15813468
3.062,0.4892273,0.34839296,0.72309625,3.061,-0.95830095,-0.15472606,-0.14286305
3.072,0.3648882,0.33009934,0.69007254,3.071,-0.95952266,-0.118685015,-0.13736527
3.084,0.20609951,0.32061195,0.591189,3.083,-0.9631879,-0.09241781,-0.13614354
3.092,0.065377235,0.3064263,0.4784125,3.091,-0.95952266,-0.08264396,-0.13736527
3.102,-0.07404709,0.2848282,0.38708675,3.101,-0.9668531,-0.07897877,-0.14347392
3.112,-0.14892673,0.25528574,0.3354571,3.111,-0.9674639,-0.078367904,-0.14164132
3.122,-0.22642612,0.24382448,0.33924067,3.121,-0.95707923,-0.089974344,-0.14103046
3.132,-0.30302715,0.24373603,0.37778008,3.131,-0.9448619,-0.099748194,-0.13431095
3.142,-0.37628078,0.25840187,0.37435997,3.141,-0.930812,-0.108300306,-0.12881316
3.152,-0.44022846,0.3391354,0.30189037,3.151,-0.9143186,-0.12051761,-0.123315364
3.162,-0.50457096,0.44127703,0.18558681,3.161,-0.8984361,-0.14556308,-0.12026104
3.172,-0.5057478,0.6620877,0.04999876,3.171,-0.8819428,-0.17610635,-0.123315364
3.186,-0.4067955,0.67473316,0.02537179,3.185,-0.8733907,-0.21886691,-0.12820229
3.192,-0.3165722,0.65517426,-0.010883808,3.191,-0.86483854,-0.25612968,-0.13431095
3.202,-0.20270443,0.6202524,-0.053225994,3.201,-0.86300594,-0.29033816,-0.14225219
3.212,-0.14046955,0.57343125,-0.0060169697,3.211,-0.87155807,-0.30072287,-0.14164132
3.222,-0.06633091,0.5475404,0.073121905,3.221,-0.8776667,-0.2982794,-0.13614354
3.232,-0.030358315,0.51912284,0.11258948,3.231,-0.8849971,-0.2720122,-0.1263697
3.242,-0.061356544,0.4586661,0.16365623,3.241,-0.8819428,-0.2420798,-0.111708924
3.252,-0.095965385,0.38221002,0.16629064,3.251,-0.8788885,-0.21031481,-0.09277211
3.262,-0.1310072,0.28808498,0.100536585,3.261,-0.8587299,-0.19015625,-0.06589404
3.272,-0.16058159,0.23008895,-0.0065641403,3.271,-0.8416257,-0.17610635,-0.03718337
3.282,-0.17885876,0.18443775,-0.07996905,3.281,-0.8324627,-0.17305201,-0.011527032
3.292,-0.17991829,0.1905396,-0.09034717,3.291,-0.8257432,-0.17671722,0.015961904
3.302,-0.18763924,0.22292948,-0.051891565,3.301,-0.82818663,-0.18526933,0.037953053
3.312,-0.22223568,0.23248744,0.08011103,3.311,-0.83185184,-0.18710193,0.062387664
3.322,-0.29661942,0.22583795,0.23065293,3.321,-0.8306301,-0.18099326,0.080713615
3.332,-0.40575695,0.1785407,0.34150636,3.331,-0.8269649,-0.16694337,0.09659612
3.342,-0.50916004,0.1372292,0.40043545,3.341,-0.81902367,-0.14983913,0.12164159
3.352,-0.58770275,0.08586264,0.45035005,3.351,-0.79458904,-0.14067617,0.13996755
3.362,-0.6304598,0.04357624,0.4621762,3.361,-0.771987,-0.13884357,0.1601261
3.372,-0.6281967,0.020181417,0.4660809,3.371,-0.7481633,-0.14067617,0.18211725
3.382,-0.59760284,0.0046827793,0.49674547,3.381,-0.72495043,-0.14189789,0.20533013
3.393,-0.5386543,-2.0325184E-4,0.53453064,3.392,-0.70540273,-0.13884357,0.23098648
3.402,-0.45724487,0.028206706,0.59340775,3.401,-0.6864659,-0.13212405,0.25725368
3.412,-0.40587997,0.0675534,0.6360873,3.411,-0.67180514,-0.11196549,0.2871861
3.422,-0.33902645,0.16435003,0.66508484,3.421,-0.65347916,-0.09241781,0.31589675
3.432,-0.2899866,0.25113535,0.66775906,3.431,-0.6443162,-0.066761464,0.3415531
3.442,-0.26949883,0.36830378,0.7211001,3.441,-0.6339315,-0.045992047,0.36476597
3.452,-0.31088924,0.5044404,0.9110061,3.451,-0.618049,-0.025833495,0.3867571
3.462,-0.2692871,0.59327984,0.8920202,3.461,-0.5966687,-0.008729272,0.40508306
3.472,-0.2606659,0.6753231,0.86107504,3.471,-0.58017534,0.015094474,0.42096555
3.482,-0.2763853,0.7265152,0.807237,3.481,-0.572845,0.054189853,0.43562633
3.495,-0.27598953,0.7608373,0.7660856,3.495,-0.5587951,0.07373754,0.44417843
3.502,-0.30489635,0.80208516,0.75533557,3.501,-0.5569625,0.09572869,0.45456314
3.512,-0.29021168,0.80341613,0.68864346,3.511,-0.5551299,0.118330695,0.46372613
3.522,-0.28600693,0.7711443,0.64948106,3.521,-0.55207556,0.12443935,0.47166738
3.532,-0.23136902,0.74901104,0.6165328,3.531,-0.54718864,0.12810454,0.48083037
3.542,-0.17424679,0.7200811,0.5975119,3.541,-0.5404691,0.12688282,0.48571727
3.552,-0.10022545,0.74917686,0.5967835,3.551,-0.52580833,0.13115886,0.49488026
3.562,-0.050941467,0.8862401,0.52583754,3.561,-0.51359105,0.14765224,0.5040432
3.572,0.02288723,0.9610163,0.4449222,3.571,-0.5019846,0.17514116,0.5138171
3.582,0.1892767,1.0180925,0.2700311,3.581,-0.48243695,0.194078,0.518704
3.592,0.5015316,1.0354651,0.042228222,3.591,-0.4518937,0.18063897,0.51198447
3.602,1.0890713,0.9121301,-0.176193,3.601,-0.4091331,0.107945986,0.47716516
3.612,1.863697,0.46580052,-0.085579276,3.611,-0.3584313,-0.02155744,0.4026396
3.622,2.6987705,-0.010694981,0.35353172,3.621,-0.3022317,-0.16144559,0.28474262
3.632,3.1267414,-0.27706116,0.75226986,3.631,-0.25519505,-0.21031481,0.06849632
3.642,2.9925137,-0.279862,0.85741997,3.641,-0.31505987,-0.05087897,-0.04756808
3.652,2.5117722,-0.06385803,0.5828712,3.651,-0.4518937,0.20140839,-0.12392624
3.662,1.73382,0.124200225,0.06899285,3.661,-0.608886,0.41215688,-0.1648542
3.672,0.8249006,0.26015806,-0.3963753,3.671,-0.72372866,0.49889976,-0.17279546
3.682,-0.072877884,0.29659963,-0.77555656,3.681,-0.79703254,0.46285874,-0.15324776
3.692,-0.8176775,0.122231126,-0.8229923,3.691,-0.8342953,0.36573112,-0.08849606
3.702,-1.2910385,-0.2000916,-0.40817928,3.701,-0.8165802,0.28021,0.004355464
3.712,-1.4982357,-0.60297,0.05899334,3.711,-0.7561045,0.23072991,0.11736554
3.722,-1.5465579,-0.9114785,0.28513384,3.721,-0.67730296,0.20079753,0.22732128
3.732,-1.4023829,-1.354445,-0.19492865,3.731,-0.6003339,0.17208683,0.3201728
3.742,-0.8824129,-1.5230643,-0.57388246,3.741,-0.554519,0.14154357,0.38125932
3.752,-0.57554054,-1.7394776,-0.8237282,3.751,-0.5374148,0.10916772,0.4118026
3.762,-0.3246708,-1.9834031,-0.8331653,3.761,-0.5404691,0.07923532,0.40202874
3.772,-0.16108036,-2.2224615,-0.73871756,3.771,-0.56062764,0.036474757,0.369042
3.782,-0.01590252,-2.356367,-0.6530343,3.781,-0.5777319,0.018148802,0.32322714
3.792,0.114831924,-2.4097896,-0.45773256,3.791,-0.6143838,0.0065423623,0.26641664
3.803,0.21743584,-2.3488019,-0.16837335,3.802,-0.64859223,0.0114292875,0.20533013
3.812,0.2741871,-2.2544389,0.07016873,3.811,-0.67669207,0.02120313,0.15401745
3.822,0.33545113,-2.182752,0.2669716,3.821,-0.68952024,0.033420436,0.12164159
3.832,0.43724346,-2.0086472,0.34138775,3.831,-0.6785247,0.052357256,0.10270476
3.842,0.43945122,-1.8342834,0.25153613,3.841,-0.65286833,0.07495927,0.1002613
3.852,0.42469788,-1.6096644,0.18763804,3.851,-0.6290446,0.103669934,0.11003515
3.863,0.39289474,-1.4238173,0.038733244,3.861,-0.59789044,0.13299146,0.12164159
3.872,0.34397984,-1.2010728,-0.15063071,3.871,-0.5710124,0.16414559,0.1283611
3.882,0.3065052,-0.9807779,-0.3749895,3.881,-0.54535604,0.1922454,0.12713937
3.892,0.22891045,-0.77007437,-0.54918814,3.891,-0.5386365,0.21729088,0.119809
3.904,0.116975784,-0.5994762,-0.7371744,3.904,-0.5355822,0.23561683,0.10270476
3.912,-0.027061462,-0.4587206,-0.8558922,3.911,-0.5691798,0.24783415,0.054446414
3.922,-0.23354053,-0.33721894,-0.93622637,3.921,-0.60338825,0.24539068,0.014129308
3.932,-0.500638,-0.28132445,-1.0562848,3.931,-0.6467597,0.22095606,-0.030463856
3.942,-0.7871704,-0.24455594,-1.2062228,3.941,-0.695018,0.1659782,-0.072002694
3.952,-1.034194,-0.17920747,-1.2927707,3.951,-0.7481633,0.07679186,-0.11537412
3.962,-1.1921225,-0.063661374,-1.3299731,3.961,-0.8025303,-0.04477032,-0.15691295
3.972,-1.2709427,0.04877656,-1.2979945,3.971,-0.8599516,-0.19076711,-0.19051054
3.982,-1.2607384,0.11820699,-1.2096592,3.981,-0.9149295,-0.3349313,-0.21311256
3.992,-1.0366201,0.28560132,-1.0036066,3.991,-0.9686856,-0.46932167,-0.23449284
4.002,-0.7205038,0.44886422,-0.7352338,4.001,-1.0279396,-0.5640058,-0.25892746
4.012,-0.32778645,0.6456915,-0.32863462,4.011,-1.0823066,-0.60432285,-0.28885984
4.022,0.41782093,0.97165877,0.340055,4.021,-1.1311758,-0.59210557,-0.32001397
4.032,0.6960716,1.0982105,0.5932658,4.031,-1.1782124,-0.54018205,-0.34872463
4.042,0.8000355,1.084199,0.69843876,4.041,-1.216697,-0.47115424,-0.38171136
4.052,0.8493357,1.0300274,0.729844,4.051,-1.2796161,-0.35203552,-0.42447194
4.062,0.8261061,0.851743,0.6972569,4.061,-1.3242092,-0.28178602,-0.44463047
4.072,0.74686337,0.6289674,0.7417233,4.071,-1.3651372,-0.22131038,-0.46356732
4.082,0.5935383,0.37010774,0.7858149,4.081,-1.3962914,-0.16511077,-0.4745629
4.092,0.44853497,0.07645834,0.77053905,4.091,-1.4219477,-0.11318722,-0.4843367
4.102,0.29611492,-0.18834203,0.7397845,4.101,-1.438441,-0.07042666,-0.4843367
4.112,0.17559719,-0.4239209,0.7591374,4.111,-1.4378302,-0.03682907,-0.4886128
4.122,0.06754303,-0.63525176,0.6851858,4.121,-1.4256128,-0.017892249,-0.49472144
4.132,-0.013836861,-0.82460797,0.60972416,4.131,-1.3993456,-0.0075075403,-0.49838665
4.142,-0.13926601,-0.9927448,0.6230489,4.141,-1.3724675,-0.0056749433,-0.5044953
4.152,-0.30288315,-1.1422333,0.6586,4.151,-1.3400917,-0.010561865,-0.50693876
4.162,-0.4318142,-1.2773052,0.75901866,4.161,-1.3034399,-0.027666092,-0.50816053
4.172,-0.5297785,-1.3722256,0.8709873,4.171,-1.2631227,-0.0539333,-0.50816053
4.182,-0.565568,-1.410341,1.0203865,4.181,-1.2191404,-0.07897877,-0.5099931
4.192,-0.57852745,-1.3922038,1.214664,4.191,-1.1727146,-0.09913732,-0.50693876
4.202,-0.5375128,-1.3345294,1.416724,4.201,-1.0896369,-0.1223502,-0.50510615
4.212,-0.49595356,-1.2748244,1.6278515,4.211,-1.0316048,-0.1260154,-0.49655405
4.222,-0.41763687,-1.1747783,1.7986691,4.221,-0.97418344,-0.1137981,-0.48006067
4.232,-0.3669548,-1.0824955,1.884985,4.231,-0.92103815,-0.08753089,-0.46295646
4.242,-0.29503918,-1.0054858,1.9394834,4.241,-0.86789286,-0.06248541,-0.43791097
4.252,-0.22115612,-0.9310669,1.8827052,4.251,-0.8202454,-0.036218204,-0.41408724
4.262,-0.14868546,-0.8735253,1.9999142,4.261,-0.7658784,-7.880181E-4,-0.38782
4.272,-0.09218311,-0.7993927,1.9007325,4.271,-0.72433954,0.029755242,-0.3633854
4.282,-0.020421028,-0.70914245,1.8530777,4.281,-0.68952024,0.06640715,-0.342616
4.292,-0.007665634,-0.63454044,1.7616789,4.291,-0.658977,0.101837344,-0.32917696
4.302,-0.08287048,-0.46988297,1.5427887,4.301,-0.6412619,0.13360232,-0.32184657
4.315,-0.15784836,-0.40042943,1.3779018,4.314,-0.62415767,0.15620434,-0.32062483
4.322,-0.21960068,-0.32484615,1.2090912,4.321,-0.6247685,0.17086512,-0.32612264
4.332,-0.2829771,-0.25845316,1.0743775,4.331,-0.62415767,0.16719991,-0.34689206
4.342,-0.3026495,-0.19855961,0.92755365,4.341,-0.63515323,0.15437174,-0.36460713
4.352,-0.3709936,-0.19293264,0.87821126,4.351,-0.6443162,0.13115886,-0.3865983
4.362,-0.38987255,-0.22027351,0.7729695,4.361,-0.65286833,0.10733513,-0.40064818
4.372,-0.26032162,-0.3843417,0.55317044,4.371,-0.6583661,0.07495927,-0.40309164
4.382,0.03374958,-0.7552828,0.05582285,4.381,-0.64187276,0.029144377,-0.38598743
4.392,0.3422308,-1.1398542,-0.9311061,4.391,-0.5893383,-0.06431801,-0.33223128
4.402,0.57063293,-0.9789596,-2.0247722,4.401,-0.56979066,-0.24146894,-0.22471899
4.417,0.91155434,-0.8813282,-2.1056232,4.411,-0.63515323,-0.48764762,-0.09093951
4.422,1.6771917,-0.83344233,-1.079737,4.421,-0.68952024,-0.72771764,0.041007377
4.432,2.7233047,-0.77896607,0.21900177,4.431,-0.6608096,-0.9012034,0.14546533
4.442,3.6763315,-0.8126108,1.7725551,4.441,-0.54779947,-0.89265126,0.2041084
4.452,4.2294455,-0.82762736,2.5025265,4.451,-0.36148563,-0.6709072,0.2199909
4.462,4.3196373,-0.65680695,2.3861136,4.461,-0.19899547,-0.33920735,0.19555628
4.473,4.0270586,-0.48109558,1.5973172,4.471,-0.101257026,0.007153228,0.08743314
4.482,3.5570955,-0.21561259,0.74176884,4.481,-0.07804415,0.45919353,-0.046346348
4.492,2.8913631,-0.022094637,-0.21146822,4.491,-0.12691337,0.69193316,-0.2228864
4.502,1.941741,0.080490276,-1.157493,4.501,-0.22770613,0.83487564,-0.41225463
4.512,0.82597446,0.10064605,-1.9190853,4.511,-0.35720956,0.860532,-0.5942925
4.522,-0.41689205,-0.18731223,-2.4239235,4.521,-0.4799935,0.7572957,-0.728072
4.532,-1.4089966,-0.2805768,-2.5208101,4.531,-0.5710124,0.592973,-0.8221452
4.542,-2.189736,-0.37539226,-2.5926306,4.541,-0.5911709,0.35840076,-0.86734927
4.552,-2.5177636,-0.36125737,-2.6829531,4.551,-0.5777319,0.11222205,-0.8667384
4.562,-2.6028318,-0.3168832,-2.635636,4.561,-0.5594059,-0.09730473,-0.81664747
4.572,-2.5312176,-0.33072922,-2.2467637,4.571,-0.52580833,-0.23780373,-0.7274611
4.582,-2.1772456,-0.08841169,-1.2478682,4.581,-0.4689979,-0.29339248,-0.61689454
4.592,-1.8918548,-0.0041188,-0.9016758,4.591,-0.3865311,-0.3056098,-0.49716488
4.602,-1.5288649,0.0034481883,-0.7196629,4.601,-0.28085142,-0.2964468,-0.37804618
4.612,-1.0827789,-0.08964521,-0.6798785,4.611,-0.16661961,-0.28667295,-0.26381436
4.622,-0.5100641,-0.20175958,-0.56755507,4.622,-0.029174926,-0.28972727,-0.11354153
4.632,0.2235775,-0.08968699,-0.27743518,4.631,0.02885727,-0.27323392,-0.05001154
4.642,0.8748541,-0.05004865,0.11584926,4.641,0.07345044,-0.23719287,-0.040848564
4.652,1.5202913,-0.011207461,0.4721141,4.651,0.10093937,-0.2066496,-0.063450575
4.662,2.0353355,0.05646336,0.8695016,4.661,0.14125647,-0.124182805,-0.112930655
4.672,2.2553673,0.10515243,0.6663351,4.671,0.17179973,-0.0056749433,-0.17707151
4.682,2.2782164,0.10976517,0.5610335,4.681,0.17485406,0.09511783,-0.2460993
4.692,2.1457167,0.16973007,0.4082179,4.691,0.19867781,0.1959106,-0.3181814
4.702,1.6516657,0.16781342,0.018239498,4.701,0.22555588,0.27776653,-0.38232222
4.712,1.0870581,0.25310564,-0.33286822,4.711,0.24510357,0.3174728,-0.41714156
4.726,0.52783203,0.32208627,-0.4486153,4.725,0.2744251,0.33152267,-0.42935887
4.732,0.05154133,0.45429277,-0.38003862,4.731,0.3116879,0.3400748,-0.42019588
4.742,-0.43026924,0.5201819,-0.3291911,4.741,0.36177883,0.35840076,-0.39759386
4.752,-0.9585762,0.48525393,-0.42491925,4.751,0.41186976,0.3736724,-0.36094195
4.762,-1.4734001,0.36519098,-0.55214167,4.761,0.47662148,0.35962248,-0.2754208
4.772,-1.9430876,0.14472497,-0.66430557,4.771,0.52182555,0.32358143,-0.19845179
4.782,-2.321785,-0.19425368,-0.7361866,4.781,0.5682513,0.25944057,-0.1123198
4.792,-2.5886445,-0.5072554,-0.801635,4.791,0.6183423,0.17208683,-0.01824655
4.802,-2.6794224,-0.7175745,-0.8569207,4.801,0.66598976,0.070072345,0.0739941
4.812,-2.624001,-0.8587384,-0.9190396,4.811,0.7093612,-0.028276958,0.16440216
4.822,-2.3717313,-0.8810672,-0.92079103,4.821,0.7460131,-0.11746328,0.24503638
4.832,-2.0104985,-0.8066069,-0.90816987,4.831,0.7796107,-0.18771279,0.30673376
4.842,-1.5840082,-0.6696496,-0.90800035,4.841,0.80648875,-0.2420798,0.3604899
4.852,-1.1420298,-0.49681014,-0.8746581,4.851,0.82481474,-0.2878947,0.39958528
4.862,-0.6982317,-0.26183164,-0.8065952,4.861,0.83947545,-0.30988583,0.42524162
4.872,0.10483074,0.36660004,-0.67014277,4.871,0.8523036,-0.3123293,0.44295672
4.882,0.43189812,0.70497334,-0.58705163,4.881,0.86329925,-0.30255544,0.4466219
4.892,0.6794996,1.006832,-0.56516194,4.891,0.8712405,-0.2891164,0.44051325
4.902,0.8756561,1.2298431,-0.5870383,4.901,0.8846795,-0.25002104,0.4203547
4.912,0.97709846,1.381348,-0.6114665,4.911,0.88406867,-0.21642345,0.4032505
4.922,0.97299194,1.4087689,-0.6061276,4.921,0.8883447,-0.18282586,0.3885897
4.932,0.8788576,1.3377901,-0.5832758,4.931,0.891399,-0.14861742,0.3763724
4.942,0.6862459,1.1960115,-0.52542734,4.941,0.89567506,-0.11074376,0.37026376
4.952,0.43570423,1.0009207,-0.42279994,4.951,0.9060598,-0.08081137,0.3678203
4.962,0.19643497,0.77478516,-0.29978788,4.961,0.9213314,-0.061874546,0.3659877
4.972,-0.09169006,0.5698531,-0.27873456,4.971,0.9402682,-0.053322434,0.36843115
4.982,-0.35360527,0.35493112,-0.24222124,4.981,0.96103764,-0.059431084,0.37942672
4.992,-0.56201553,0.17867565,-0.08519709,4.991,0.98486143,-0.07470272,0.39347664
5.002,-0.68080044,0.060771167,0.099487424,5.001,1.0215133,-0.09180694,0.4136352
5.012,-0.6981745,0.011802375,0.20824182,5.011,1.063663,-0.10158078,0.43379372
5.022,-0.7432699,0.0064754486,0.36195278,5.021,1.1100888,-0.11624155,0.45089796
5.033,-0.6854429,0.04772067,0.53496206,5.033,1.1614015,-0.12540454,0.46555874
5.042,-0.6074724,0.12116492,0.6924789,5.041,1.2511986,-0.14128703,0.48632815
5.052,-0.49945164,0.18244219,0.79075766,5.051,1.3165612,-0.14556308,0.50770843
5.062,-0.36485672,0.30349892,0.9020972,5.061,1.389865,-0.14311963,0.5327539
5.072,-0.23594475,0.32499552,0.94238305,5.071,1.4601146,-0.13823271,0.55596673
5.082,-0.09578705,0.29131234,1.0505245,5.081,1.5291424,-0.1223502,0.57856876
5.092,0.02350235,0.2595932,1.1494108,5.091,1.5981702,-0.08753089,0.6060577
5.102,0.10793209,0.30428433,1.1964281,5.101,1.6604784,-0.038661666,0.63476837
5.112,0.15877819,0.38137823,1.1545413,5.111,1.7038498,0.029144377,0.66714424
5.122,0.16645813,0.45506144,0.9987894,5.121,1.7362256,0.09939388,0.70379615
5.138,0.06997681,0.47681552,0.829515,5.131,1.761882,0.1763629,0.7459459
5.142,-0.055472374,0.4932875,0.56711197,5.141,1.7820406,0.24172547,0.79114985
5.152,-0.33223057,0.48867127,0.03125906,5.151,1.7973121,0.29670337,0.8345213
5.162,-0.44331264,0.560334,-0.26109314,5.161,1.8101404,0.33091182,0.87972534
5.172,-0.52166176,0.7022358,-0.6276187,5.171,1.8211359,0.3553464,0.9255402
5.182,-0.59028435,0.87340164,-0.9936311,5.181,1.8302989,0.36145508,0.98723763
5.192,-0.6350088,1.0163993,-1.302078,5.191,1.8351859,0.35107037,1.0220569
5.202,-0.62025166,1.085387,-1.6230209,5.201,1.8510684,0.33152267,1.0611523
5.212,-0.56079865,0.95792806,-1.9578731,5.211,1.884666,0.3015903,1.099026
5.222,-0.39264965,0.5882005,-2.2855077,5.221,1.9359785,0.248445,1.1472844
5.232,0.09390926,0.05328867,-2.8208332,5.231,2.0251648,0.15742609,1.2022623
5.242,1.1330576,-0.6808168,-3.607972,5.241,2.138175,-0.014227055,1.248688
5.252,2.454628,-1.8471932,-3.7386007,5.251,2.2554612,-0.2964468,1.2383033
5.262,3.6866112,-2.3914175,-2.9306507,5.261,2.378856,-0.64891607,1.1375105
5.272,4.5889215,-1.808796,-2.3149147,5.271,2.4558249,-0.95801383,0.94814223
5.282,4.754261,-0.91138434,-2.060062,5.281,2.4045122,-1.0704131,0.73861545
5.292,4.54949,-0.40881142,-1.6982734,5.291,2.210257,-0.8645515,0.5816231
5.302,4.009495,0.06131971,-1.2852012,5.301,1.9494176,-0.47481945,0.47166738
5.312,2.8525915,0.18447322,-0.69438106,5.311,1.7270627,-0.14373049,0.37698326
5.322,1.590271,0.15578459,0.11982703,5.321,1.6317677,0.12321762,0.323838
5.332,0.3609581,-0.088358104,0.3301847,5.331,1.6329894,0.22278866,0.36110076
5.342,-0.7036314,-0.5808774,0.83773553,5.341,1.7252301,0.3083098,0.45456314
5.352,-1.7753968,-1.1893355,1.1991432,5.351,1.884666,0.38588968,0.6023925
5.362,-2.6690388,-1.5622872,1.0957664,5.361,2.064871,0.4274285,0.79359335
5.372,-3.0977926,-1.5418904,0.46322477,5.371,2.196818,0.3999396,0.9835724
5.382,-3.0858498,-1.3364594,-0.48594987,5.381,2.2542393,0.26677096,1.1265149
5.392,-2.7299862,-1.0936737,-1.1238918,5.391,2.2554612,0.076181,1.2224208
5.402,-2.1293116,-0.7329453,-1.701189,5.401,2.1900985,-0.14495221,1.25724
5.412,-1.413497,-0.3952955,-2.0102358,5.411,2.0728123,-0.35997677,1.2431902
5.422,-0.76406384,-0.21777189,-2.1301877,5.421,1.8981049,-0.53468424,1.2053165
5.432,0.7321491,0.060373187,-1.1531576,5.431,1.7014064,-0.6324227,1.1295693
5.444,1.3218193,0.28863126,-0.4297464,5.443,1.5346401,-0.66235507,1.0110614
5.452,1.8189468,0.52511126,0.2728746,5.451,1.4118562,-0.64891607,0.8626211
5.462,2.1638184,0.6826466,0.88089263,5.461,1.349548,-0.567671,0.61522067
5.472,2.219594,0.68824476,1.448994,5.471,1.3483262,-0.48886934,0.46922392
5.482,2.112461,0.61152405,2.0183258,5.481,1.3935302,-0.38380054,0.3604899
5.492,2.0636806,0.6104376,2.597198,5.491,1.4650015,-0.22008863,0.2871861
5.502,1.6230164,0.44126666,2.5549288,5.501,1.5315858,0.0028771684,0.24137118
5.512,1.1644888,0.39653444,2.144574,5.511,1.5719029,0.19835407,0.2444255
5.522,0.672225,0.4740098,1.7178812,5.521,1.5810659,0.34984863,0.25969714
5.532,0.0883646,0.4186685,1.2491186,5.531,1.571292,0.4683565,0.2688601
5.542,-0.43063354,0.27615917,0.7068014,5.541,1.5560204,0.53616256,0.27130356
5.552,-0.9165478,0.063832164,0.31102228,5.551,1.5205902,0.55143416,0.28596434
5.562,-1.3424644,-0.21237957,-0.26379013,5.561,1.4973774,0.5233344,0.29634905
5.572,-1.6894636,-0.47818387,-0.6455998,5.571,1.4613363,0.43170458,0.29451647
5.582,-1.9128203,-0.6910801,-0.8700521,5.581,1.4411777,0.3015903,0.2798557
5.592,-2.0598335,-0.8638897,-1.0636936,5.591,1.4375125,0.14948484,0.25786453
5.602,-2.0990148,-0.9802909,-1.1810393,5.601,1.4356799,-0.023390036,0.20594099
5.612,-1.963459,-0.9939313,-1.1666145,5.611,1.4436212,-0.28545123,0.16806735
5.622,-1.6355228,-0.8797097,-1.0368956,5.621,1.4497298,-0.4265611,0.13019371
5.632,-1.274826,-0.7109448,-0.8679583,5.631,1.4558386,-0.5304082,0.09659612
5.642,-0.8375473,-0.52393425,-0.644695,5.641,1.4668341,-0.5982142,0.07155064
5.652,-0.3659954,-0.32110476,-0.4313432,5.651,1.4784405,-0.62814665,0.05505728
5.662,0.11626816,-0.15653837,-0.28900576,5.661,1.48516,-0.6287575,0.04222911
5.672,0.53341866,-0.043762803,-0.031768084,5.671,1.4937122,-0.58844036,0.037953053
5.682,0.8928709,0.052077174,0.15538871,5.681,1.498599,-0.52613217,0.033676997
5.692,1.1314621,0.15313268,0.34848964,5.691,1.4979882,-0.44244358,0.03306613
5.702,1.27911,0.17699468,0.5126338,5.701,1.494323,-0.35508984,0.030011805
5.712,1.3609705,0.1482395,0.7714305,5.711,1.4906578,-0.25551882,0.022070557
5.722,1.1041708,-0.046337724,0.8039789,5.721,1.485771,-0.15655866,0.014129308
5.732,0.7792692,-0.19625354,0.7095051,5.731,1.4833274,-0.055765893,0.0055771954
5.742,0.45077896,-0.31042123,0.5759826,5.741,1.4753861,0.025479183,0.006188059
5.753,0.12336731,-0.3737749,0.39898062,5.752,1.4552276,0.09267437,0.015351038
5.762,-0.16535664,-0.36466098,0.16327739,5.761,1.4375125,0.10550254,0.025735747
5.772,-0.40267563,-0.31844842,-0.06549859,5.771,1.4118562,0.093285225,0.035509594
5.782,-0.5960827,-0.26035666,-0.3131318,5.781,1.3892542,0.0621311,0.045894302
5.792,-0.6656418,-0.09809506,-0.52657413,5.791,1.3574892,0.016316205,0.056889877
5.802,-0.77554417,-0.06479192,-0.7533991,5.801,1.3281677,-0.032553013,0.057500742
5.812,-0.69616604,0.059795618,-0.8296306,5.811,1.2957919,-0.09241781,0.05627901
5.822,-0.6178303,0.15098786,-0.9722014,5.821,1.2634159,-0.14861742,0.05505728
5.832,-0.54536724,0.2191186,-0.97402686,5.831,1.2206554,-0.20237356,0.0477269
5.842,-0.45604706,0.32890725,-0.97969204,5.841,1.1748405,-0.2628492,0.035509594
5.856,-0.28048038,0.42177314,-0.8997183,5.855,1.1290256,-0.31477275,0.021459691
5.862,-0.11268616,0.45818102,-0.68981653,5.861,1.0777129,-0.3575333,0.009242386
5.872,0.07017517,0.49533814,-0.48549628,5.871,1.0331198,-0.3807462,-0.010916166
5.882,0.2565651,0.47365206,-0.2808944,5.881,0.9909701,-0.38318965,-0.031074721
5.892,0.39762497,0.42088354,-0.13805592,5.891,0.9372139,-0.36242023,-0.064672306
5.902,0.50559425,0.29844052,-0.04267299,5.901,0.9036163,-0.3300444,-0.08727433
5.912,0.5435953,0.116286814,0.05761397,5.911,0.87490565,-0.2823969,-0.106822014
5.922,0.5668669,-0.06957477,0.12851357,5.921,0.8443624,-0.22558644,-0.11720672
5.932,0.5154371,-0.22566867,0.1000433,5.931,0.8193169,-0.17427376,-0.1263697
5.942,0.434659,-0.3812865,0.019020319,5.941,0.7814433,-0.13395664,-0.13003488
5.952,0.41528034,-0.46876293,-0.059412003,5.951,0.75273263,-0.10646771,-0.138587
5.962,0.37940025,-0.5069161,-0.14755964,5.961,0.7160807,-0.08630916,-0.14469565
5.972,0.37976837,-0.50617,-0.123266816,5.971,0.6843157,-0.055155028,-0.16118902
5.982,0.3456297,-0.43728316,-0.18587744,5.981,0.64460945,-0.028887823,-0.1825693
5.992,0.29724693,-0.30704093,-0.23337674,5.991,0.6024598,-0.0050640777,-0.21189083
6.002,0.13636875,0.03965342,-0.3610667,6.001,0.55481225,0.014483608,-0.24304494
6.012,0.043480873,0.21500438,-0.44519055,6.011,0.50044525,0.017537937,-0.28580552
6.022,-0.0305624,0.3650272,-0.49937052,6.021,0.45157602,0.012651011,-0.32978782
6.032,-0.087366104,0.5254176,-0.5102145,6.031,0.37521785,-0.018503115,-0.38476568
6.042,-0.086001396,0.65342915,-0.42621934,6.041,0.33123556,-0.053322434,-0.4128655
6.052,-0.03832245,0.70645756,-0.28602302,6.051,0.2939728,-0.08753089,-0.43607837
6.062,0.04990101,0.7046315,-0.079116225,6.061,0.27137077,-0.10891117,-0.45562607
6.072,0.12150669,0.6542337,0.0817337,6.071,0.25732088,-0.11807415,-0.46662164
6.082,0.21264362,0.6690227,0.17687988,6.081,0.2499905,-0.108300306,-0.46967596
6.092,0.24814415,0.66094816,0.28239012,6.091,0.24571443,-0.08142223,-0.47150856
6.102,0.20887947,0.5938901,0.36806703,6.101,0.24021664,-0.051489837,-0.4745629
6.112,0.17377567,0.39573944,0.3545189,6.111,0.2408275,-0.029498689,-0.46967596
6.122,0.16075039,0.17345278,0.4131962,6.121,0.24632528,-0.009950999,-0.46112385
6.132,0.15672207,-0.08098696,0.43922257,6.131,0.25915346,0.017537937,-0.4495174
6.142,0.17475986,-0.328112,0.42482412,6.141,0.2744251,0.03891822,-0.43791097
6.152,0.20039749,-0.5108435,0.45810497,6.151,0.2848098,0.05174639,-0.42019588
6.163,0.24185753,-0.63972974,0.5627601,6.162,0.29030758,0.052968122,-0.4043134
6.172,0.29054642,-0.7630504,0.6479969,6.171,0.30130318,0.03769649,-0.37804618
6.182,0.39150906,-0.7787983,0.74779046,6.181,0.3043575,-0.008118406,-0.30596408
6.192,0.5675764,-0.57965606,0.8824136,6.191,0.29030758,-0.041715994,-0.23449284
6.202,0.8009577,-0.22591245,1.2430232,6.201,0.27564684,-0.06309628,-0.16057815
6.212,1.1186152,-0.019250937,1.8523347,6.211,0.29641625,-0.045381185,-0.10498941
6.222,1.4771624,-0.049328096,2.584079,6.221,0.37888306,0.022424862,-0.07994394
6.232,1.750617,-0.03876899,2.990622,6.231,0.5053322,0.14398703,-0.10193509
6.242,1.6913013,0.00820376,2.7565541,6.241,0.6158988,0.27287963,-0.15019344
6.252,1.4003649,0.03995675,2.2995586,6.251,0.6916461,0.36756372,-0.20517132
6.265,0.99101067,0.11221972,1.7896174,6.265,0.73257405,0.4335372,-0.2558731
6.272,0.52608776,0.31370002,1.2362196,6.271,0.7478457,0.46346956,-0.30168802
6.282,-0.18532085,0.9743112,0.30939007,6.281,0.7411262,0.4714108,-0.342616
6.292,-0.437294,1.2629402,-0.009743214,6.291,0.71302634,0.45858264,-0.37438098
6.302,-0.61787415,1.4558985,-0.19215047,6.301,0.6708767,0.4243742,-0.40003732
6.312,-0.73788834,1.5631295,-0.19144225,6.311,0.62750524,0.38100275,-0.41164377
6.322,-0.81424046,1.5324553,0.027219772,6.321,0.5719165,0.3241923,-0.406146
6.332,-0.8582792,1.4178245,0.34604692,6.331,0.5578666,0.30403376,-0.38048965
6.342,-0.8814411,1.3123465,0.62130296,6.341,0.55908835,0.3174728,-0.33100954
6.352,-0.8726101,1.261116,0.8076874,6.351,0.57069474,0.35168123,-0.2723665
6.362,-0.88421917,1.2024132,0.84269226,6.361,0.59024245,0.40238306,-0.20822564
6.372,-0.8961258,1.0424013,0.7606784,6.371,0.6140662,0.44697618,-0.13980873
6.382,-0.87422657,0.8689213,0.5248954,6.381,0.64277685,0.47629774,-0.07566789
6.392,-0.84656906,0.7444532,0.1978414,6.391,0.6690441,0.47629774,-0.022522606
6.402,-0.82013035,0.6929694,-0.12404919,6.401,0.6879809,0.44819796,0.023292286
6.412,-0.77116966,0.67937046,-0.46009684,6.411,0.6892026,0.40910256,0.05017036
6.422,-0.70084,0.6713625,-0.7505691,6.421,0.68248314,0.36023334,0.06788545
6.432,-0.6129999,0.6774899,-0.9188068,6.431,0.6684332,0.3009794,0.074604966
6.442,-0.5147171,0.71423227,-0.99370193,6.441,0.6562159,0.24233636,0.069107175
6.452,-0.41438198,0.7180831,-0.92743015,6.451,0.64155513,0.18063897,0.062387664
6.462,-0.2869892,0.7497409,-0.7655475,6.461,0.6342248,0.1024482,0.03978565
6.472,-0.18659973,0.75710875,-0.51499367,6.471,0.642166,0.067018025,0.023292286
6.482,-0.10193157,0.76174605,-0.26887894,6.481,0.6574376,0.04930293,0.008020656
6.492,-0.0732069,0.7297139,-0.027180195,6.491,0.68309397,0.05357898,-0.001142323
6.502,-0.051258087,0.6831407,0.086182356,6.501,0.71485895,0.06518542,-0.0017531887
6.512,-0.06145668,0.6070906,0.067138195,6.511,0.7392936,0.07068322,0.0013011377
6.522,-0.1411171,0.52452016,0.013418913,6.521,0.76922596,0.07068322,0.008020656
6.532,-0.28459454,0.4090978,-0.025014877,6.531,0.7973258,0.0621311,0.026346613
6.542,-0.44428825,0.30294335,-0.08896494,6.541,0.82176036,0.042583413,0.046505168
6.552,-0.5797386,0.21289372,-0.16108966,6.551,0.83947545,0.016316205,0.07338324
6.562,-0.68013096,0.14406359,-0.1962781,6.561,0.8547471,-0.004453212,0.1057591
6.574,-0.6734085,0.19223177,-0.15248084,6.574,0.86085576,-0.017892249,0.13630235
6.582,-0.63835716,0.34464812,-0.09611845,6.581,0.86329925,-0.023390036,0.16256957
6.592,-0.6049299,0.47026742,-0.059141397,6.591,0.86024487,-0.036218204,0.18333898
6.602,-0.49456692,0.61974347,-0.0713768,6.601,0.8651318,-0.07287012,0.19983235
6.612,-0.45745182,0.7723106,-0.009165764,6.611,0.86085576,-0.089974344,0.19983235
6.622,-0.4155054,0.98855615,0.008060694,6.621,0.8510819,-0.095472135,0.19799975
6.632,-0.40424252,1.2022699,-0.06802702,6.631,0.82420385,-0.09302867,0.19433457
6.642,-0.43577194,1.3356603,-0.17694056,6.641,0.782665,-0.08875261,0.19066937
6.652,-0.49229622,1.4010378,-0.20323455,6.651,0.73074144,-0.09302867,0.1900585
6.662,-0.55573654,1.413283,-0.17766917,6.661,0.68126136,-0.089363486,0.19494542
6.677,-0.5951414,1.3912845,-0.11077392,6.671,0.63117045,-0.089974344,0.20716272
6.682,-0.5902777,1.342835,0.022778511,6.681,0.59146416,-0.09363954,0.22365609
6.692,-0.59368324,1.2992264,0.1743437,6.691,0.55175793,-0.0942504,0.23953858
6.702,-0.598299,1.2315786,0.3378495,6.701,0.5157169,-0.09302867,0.260308
6.712,-0.5882969,1.163431,0.4691254,6.711,0.4815084,-0.089363486,0.2816883
6.722,-0.6187515,1.1119783,0.61457825,6.721,0.4466891,-0.078367904,0.2987925
6.732,-0.6347027,1.0283339,0.7511016,6.731,0.4112589,-0.06737233,0.33116838
6.742,-0.6752529,0.9500425,0.88077736,6.741,0.365444,-0.042937722,0.3519378
6.752,-0.7046566,0.8275573,1.0119202,6.751,0.3465072,-0.028276958,0.3708746
6.762,-0.7025757,0.7028593,1.0883274,6.761,0.3287921,-0.013005327,0.38797885
6.772,-0.7075529,0.57615244,1.0764207,6.771,0.31718567,-0.0050640777,0.4044722
6.782,-0.7052517,0.47514474,1.0469687,6.781,0.30374664,0.0047097653,0.42279816
6.792,-0.6610937,0.4317559,1.028501,6.791,0.2951945,0.0077640936,0.4344046
6.802,-0.6194267,0.46192253,1.0194342,6.801,0.2939728,0.0040988997,0.44540018
6.812,-0.5765915,0.47860098,1.0020119,6.811,0.29152933,-1.7715245E-4,0.4484545
6.822,-0.5553875,0.507789,1.001798,6.821,0.29580536,-0.008118406,0.45334142
6.832,-0.48644352,0.5221884,0.9711423,6.831,0.29763797,-0.016059652,0.45517403
6.842,-0.41050816,0.555294,0.9689286,6.841,0.29947057,-0.025833495,0.45945007
6.852,-0.15526104,0.6895625,0.94581985,6.851,0.29885972,-0.043548588,0.45517403
6.862,0.01735115,0.7908806,0.940269,6.861,0.2921402,-0.04965724,0.44906536
6.872,0.18535614,0.9895926,0.95180273,6.871,0.2866424,-0.051489837,0.4344046
6.884,0.30866814,1.1874511,0.9636605,6.883,0.2762577,-0.029498689,0.41058084
6.892,0.40536118,1.3638659,0.9305372,6.891,0.24754703,0.0028771684,0.39286578
6.902,0.49344158,1.4507982,0.8466296,6.901,0.23471886,0.03769649,0.3696529
6.912,0.6084566,1.4991684,0.7097502,6.911,0.22494501,0.06274196,0.35071605
6.922,0.77748203,1.4407617,0.4202125,6.921,0.23349713,0.07679186,0.32872492
6.932,1.0294466,1.3228056,0.06966734,6.931,0.2603752,0.05480071,0.3042903
6.942,1.3479538,1.1095252,-0.29710948,6.941,0.31413135,-0.0032314807,0.26641664
6.952,1.6568279,0.8077172,-0.50179064,6.951,0.38987863,-0.10035905,0.21938004
6.962,2.00768,0.5723717,-0.55052376,6.961,0.47173458,-0.20237356,0.16440216
6.972,2.2746706,0.41055298,-0.600966,6.971,0.5261016,-0.2665144,0.10453737
6.987,2.3550797,0.34220958,-0.6095077,6.981,0.5279342,-0.27140132,0.047116034
6.992,2.1208172,0.29431874,-0.5936183,6.991,0.47051284,-0.2084822,0.009853251
7.002,1.6970682,0.28074557,-0.56776154,7.001,0.37521785,-0.10585684,6.902721E-4
7.012,1.136342,0.283399,-0.6294131,7.011,0.27014905,0.0040988997,0.01901623
7.022,0.5367298,0.20174688,-0.64865386,7.021,0.13209349,0.14154357,0.10820256
7.032,-0.030519485,-0.0042451024,-0.6841979,7.031,0.08383515,0.18735847,0.19799975
7.042,-0.527648,-0.3416589,-0.64269674,7.041,0.077115625,0.20568445,0.30306858
7.052,-0.88922787,-0.7419392,-0.52856636,7.051,0.119265325,0.19774318,0.40935913
7.062,-1.1467924,-1.105345,-0.45564377,7.061,0.20356473,0.16658905,0.52664524
7.072,-1.2008991,-1.3356895,-0.45568883,7.071,0.29885972,0.13176975,0.6402662
7.082,-1.0356865,-1.356322,-0.5688646,7.081,0.40026334,0.104891665,0.73556113
7.092,-0.74037457,-1.2197206,-0.7893286,7.091,0.4802867,0.08656571,0.8064215
7.102,-0.45962524,-1.1048077,-1.0689251,7.101,0.5279342,0.07740273,0.84918207
7.112,-0.15963078,-1.0320456,-1.2958126,7.111,0.546871,0.06946149,0.86139935
7.122,0.036403656,-0.9494039,-1.3867736,7.121,0.5419841,0.06640715,0.84368426
7.132,0.24232674,-1.0999424,-1.4880798,7.131,0.5175495,0.070072345,0.803978
7.142,0.18889236,-1.1765306,-1.3908027,7.141,0.47845408,0.0743484,0.7416698
7.152,0.0914669,-1.2572011,-1.2958877,7.151,0.43508264,0.07190495,0.6756963
7.162,-1.3065338E-4,-1.310617,-1.1750402,7.161,0.39476556,0.04319428,0.56268626
7.172,-0.08588791,-1.3232726,-1.0757284,7.171,0.342842,0.017537937,0.49549112
7.182,-0.19461441,-1.2422382,-1.0361278,7.181,0.31046614,-0.011783596,0.44540018
7.192,-0.29893112,-1.0914009,-1.0005527,7.191,0.27320337,-0.05087897,0.41058084
7.202,-0.33677578,-0.9688941,-0.90700066,7.201,0.23471886,-0.10341338,0.39347664
7.212,-0.16080475,-0.78367674,-0.7223351,7.211,0.19989954,-0.16022384,0.3922549
7.222,0.111810684,-0.49928695,-0.53225887,7.221,0.16874541,-0.21459085,0.39286578
7.232,0.34753036,-0.1914964,-0.30606472,7.231,0.13636956,-0.24330151,0.3959201
7.242,0.57683945,0.08546996,-0.10059214,7.241,0.09849591,-0.23597115,0.40080702
7.252,0.77370167,0.281039,-0.018257618,7.251,0.060622267,-0.2066496,0.4032505
7.262,0.8425579,0.3788532,0.13233626,7.261,0.024581214,-0.15839125,0.4032505
7.272,0.8578758,0.384073,0.25989735,7.271,-0.009016373,-0.08875261,0.39836356
7.282,0.78147507,0.28443828,0.27731168,7.281,-0.037116174,-0.006285809,0.3922549
7.293,0.6335211,0.05785045,0.25837934,7.292,-0.051166072,0.07068322,0.37942672
7.302,0.4151764,-0.18015963,0.23220766,7.301,-0.05666386,0.14215446,0.36476597
7.312,0.17037201,-0.3893153,0.09942365,7.311,-0.04994434,0.20629531,0.33361185
7.322,-0.07759571,-0.52397126,-0.002009511,7.321,-0.045668285,0.22889733,0.31039897
7.332,-0.3135624,-0.65063447,-0.11294925,7.331,-0.043224826,0.22645387,0.28779694
7.342,-0.50215626,-0.7390256,-0.23694062,7.341,-0.03894877,0.20385185,0.26091886
7.352,-0.67484283,-0.83261925,-0.29070878,7.351,-0.03894877,0.16048041,0.23709513
7.362,-0.8414612,-0.9304703,-0.26839614,7.361,-0.029785791,0.104891665,0.21021706
7.372,-0.9351196,-1.024637,-0.2624761,7.371,-0.023066273,0.039529085,0.18822591
7.382,-0.95588493,-1.1341882,-0.1302023,7.381,-0.006572912,-0.031942148,0.16562389
7.397,-0.92257404,-1.1630756,0.043031096,7.391,0.012974776,-0.091196075,0.14790879
7.402,-0.87434673,-1.1344414,0.19785237,7.402,0.037409388,-0.13151318,0.12469591
7.412,-0.63732433,-0.9689815,0.38379526,7.411,0.069785245,-0.15839125,0.103926495
7.422,-0.53696537,-0.8271136,0.39295483,7.421,0.10155024,-0.17305201,0.086211406
7.432,-0.41887665,-0.6757698,0.39521313,7.431,0.13270436,-0.18588018,0.069107175
7.442,-0.2962904,-0.5093112,0.32128894,7.441,0.15713897,-0.19382143,0.051392086
7.452,-0.17990685,-0.37897533,0.3078935,7.451,0.18157358,-0.20481703,0.051392086
7.462,-0.04239559,-0.25133097,0.265787,7.461,0.18401703,-0.20420614,0.009853251
7.472,0.09132385,-0.120979965,0.2736026,7.471,0.18523876,-0.19870836,-0.012748763
7.482,0.18056107,-0.03521657,0.29027963,7.481,0.18218444,-0.18893452,-0.043902893
7.492,0.23858833,0.03398496,0.34781992,7.491,0.17851925,-0.17671722,-0.072002694
7.502,0.24876785,0.07802987,0.42267776,7.501,0.170578,-0.1559478,-0.10437855
7.512,0.2494402,0.09468144,0.4741119,7.511,0.15897156,-0.13517837,-0.13675441
7.522,0.2216711,0.1024819,0.52152884,7.521,0.14736512,-0.10891117,-0.170352
7.532,0.18331718,0.10488278,0.5547378,7.531,0.12965003,-0.08447656,-0.19967352
7.542,0.11040497,0.07689065,0.59797406,7.541,0.11498927,-0.06553974,-0.23082766
7.552,0.01969719,0.0955413,0.6587393,7.551,0.09788505,-0.05087897,-0.25831658
7.562,-0.043326378,0.05345303,0.76963675,7.561,0.07894822,-0.04110513,-0.28336206
7.573,-0.046328545,0.08143413,0.75724816,7.571,0.06306573,-0.032553013,-0.30596408
7.582,-0.1293869,0.0065153837,0.8952161,7.581,0.047794096,-0.02155744,-0.342616
7.592,-0.16294098,-0.06307167,0.9330256,7.591,0.02519208,-0.0075075403,-0.35788763
7.602,-0.21660519,-0.07587677,0.9244369,7.601,0.008698719,-0.004453212,-0.3707158
7.612,-0.2629032,-0.10137159,0.9955075,7.611,-0.0022968552,-0.0068966746,-0.3774353
7.622,-0.25488853,-0.142616,1.0495735,7.621,-0.015125025,-7.880181E-4,-0.38415483
7.632,-0.18897152,-0.22476006,1.1245759,7.631,-0.02489887,0.008374959,-0.3896526
7.642,-0.122504234,-0.3285612,1.1469433,7.641,-0.027953196,0.023646586,-0.39331782
7.652,-0.09602642,-0.38038903,1.1902058,7.651,-0.03772704,0.046859466,-0.39942646
7.662,-0.08203888,-0.4074673,1.1888249,7.661,-0.056052994,0.068850614,-0.40125906
7.672,-0.051743507,-0.43869746,1.1735835,7.671,-0.072546355,0.096339546,-0.40370253
7.682,-0.03032589,-0.4848045,1.221409,7.681,-0.09331577,0.1201633,-0.4073677
7.692,5.722046E-6,-0.5349845,1.2159477,7.691,-0.11591779,0.13543493,-0.41164377
7.704,0.15666199,-0.59967273,1.3219705,7.703,-0.13974154,0.15437174,-0.41530895
7.712,0.22315884,-0.6451184,1.3481421,7.711,-0.16417615,0.18186069,-0.42263934
7.722,0.25721073,-0.6753683,1.2454314,7.721,-0.18677816,0.22645387,-0.43485665
7.732,0.3014927,-0.66218936,1.2880316,7.731,-0.22404094,0.2539428,-0.44340876
7.742,0.27586365,-0.66035163,1.1355822,7.741,-0.24603209,0.28082088,-0.4531826
7.752,0.23040962,-0.6414482,1.0776832,7.751,-0.28146228,0.2997577,-0.4599021
7.762,0.21998405,-0.6442849,0.9860666,7.761,-0.31139466,0.30953154,-0.47028682
7.772,0.16659546,-0.68890816,0.88432217,7.771,-0.33399668,0.3113641,-0.47761723
7.782,0.09411907,-0.79701346,0.65298724,7.781,-0.35537696,0.31319672,-0.48739102
7.792,-0.006293297,-1.0458161,0.3239479,7.791,-0.3761464,0.29914683,-0.4861693
7.802,0.031881332,-1.3861372,-0.25291348,7.801,-0.39508322,0.24233636,-0.4708977
7.812,0.10525036,-1.6443369,-1.0149708,7.811,-0.4164635,0.13421321,-0.42019588
7.822,0.37839222,-1.6173953,-1.7839358,7.821,-0.44395244,-0.038661666,-0.33284214
7.832,0.8472738,-1.414329,-2.166149,7.831,-0.49831945,-0.27751,-0.22166467
7.842,1.569706,-1.1324273,-1.6840451,7.841,-0.56551456,-0.5316299,-0.09582643
7.852,2.5971212,-0.7331071,-0.35463786,7.851,-0.5789536,-0.69228745,0.015961904
7.862,3.3996239,-0.4551932,1.1945932,7.861,-0.5056498,-0.63792044,0.08865487
7.872,3.6593142,-0.44447193,2.0910485,7.871,-0.29612306,-0.17793894,0.112478614
7.882,3.4023008,-0.57876784,2.1504436,7.881,-0.14951539,0.18186069,0.078881025
7.892,2.815261,-0.7778321,1.6044791,7.891,-0.048722614,0.48362815,0.013518443
7.902,1.9121885,-0.84971946,0.84395194,7.901,0.0013683359,0.7029287,-0.07383528
7.912,0.86300564,-0.7462506,0.11091256,7.911,0.0160291,0.85564506,-0.17951497
7.922,-0.24396896,-0.4959765,-0.76295555,7.921,-0.021233678,0.92467284,-0.29252505
7.932,-1.2784548,-0.25573885,-1.7424989,7.931,-0.09514837,0.8849666,-0.4043134
7.942,-2.1166081,-0.100795254,-2.597379,7.941,-0.19410855,0.72858506,-0.49472144
7.952,-2.8961782,-0.1487614,-3.2167885,7.951,-0.29429045,0.4720217,-0.54542327
7.962,-3.2004495,-0.059126146,-3.7287776,7.961,-0.39080715,0.14398703,-0.5698579
7.972,-3.0127563,0.053204924,-3.8187523,7.971,-0.4586132,-0.21275827,-0.5729122
7.982,-1.3883419,0.21945584,-2.0987213,7.981,-0.4885456,-0.48825848,-0.56130576
7.992,-0.51752853,0.39238548,-1.0226486,7.991,-0.47693917,-0.60982066,-0.5222104
8.002,0.15680027,0.68398154,-0.26413512,8.001,-0.43356773,-0.58721864,-0.47028682
8.014,0.5810547,0.9277204,0.10447502,8.013,-0.37125948,-0.39785042,-0.38904175
8.022,0.8840332,1.0402771,0.18489337,8.021,-0.2655798,-0.24146894,-0.33162042
8.032,1.084219,1.0620164,0.103637695,8.031,-0.20876932,-0.08325483,-0.27969688
8.042,1.2072926,1.0078824,-0.07554579,8.041,-0.17517173,0.057855047,-0.24304494
8.052,1.2143946,0.9155787,-0.18231606,8.051,-0.16784135,0.17269772,-0.23204938
8.062,1.1658182,0.80722564,-0.40444613,8.061,-0.17395,0.2588297,-0.23754716
8.072,1.0451365,0.70322865,-0.55089414,8.071,-0.19227596,0.30586633,-0.26137093
8.082,0.96602726,0.5944143,-0.74419975,8.081,-0.20510413,0.33274442,-0.29557937
8.092,0.8222456,0.5470157,-0.7647908,8.091,-0.228317,0.3260249,-0.33772907
8.102,0.75131226,0.51442367,-0.6574849,8.101,-0.23931257,0.30525547,-0.37621358
8.116,0.7414417,0.55367315,-0.49829435,8.115,-0.23259306,0.28631866,-0.41530895
8.122,0.71050644,0.5981255,-0.42923057,8.121,-0.21487796,0.28692952,-0.44707394
8.132,0.62058353,0.58398736,-0.36457276,8.131,-0.18922162,0.30525547,-0.46967596
8.142,0.42746067,0.5801853,-0.37406182,8.141,-0.15195885,0.32724664,-0.48006067
8.152,0.14150333,0.55102116,-0.45115507,8.151,-0.084152795,0.33030096,-0.47395203
8.162,-0.17983341,0.5217177,-0.48913658,8.161,-0.040781364,0.30647722,-0.45440432
8.172,-0.46557808,0.49206054,-0.48432314,8.171,0.006866124,0.28021,-0.42935887
8.182,-0.70408344,0.37982965,-0.39619112,8.181,0.06795265,0.24600154,-0.4055351
8.192,-0.9639406,0.2457403,-0.4260888,8.191,0.119265325,0.19957578,-0.37315926
8.202,-1.2012997,0.08556551,-0.4445932,8.201,0.17179973,0.14032185,-0.33772907
8.212,-1.3423462,-0.04880613,-0.4456792,8.211,0.2182255,0.06762888,-0.30107716
8.222,-1.3233824,-0.099582374,-0.48450685,8.221,0.24449271,0.008374959,-0.25953832
8.232,-1.1762543,-0.07746053,-0.44096136,8.231,0.265873,-0.029498689,-0.22349727
8.242,-1.1088333,-0.0055806637,-0.42320418,8.241,0.27320337,-0.050268106,-0.19051054
8.252,-1.0226622,0.11931348,-0.3999858,8.251,0.27686855,-0.059431084,-0.16118902
8.262,-0.94505787,0.38896656,-0.4354937,8.261,0.27564684,-0.058820218,-0.13370007
8.272,-0.9661112,0.521183,-0.44730043,8.271,0.27564684,-0.06859406,-0.10193509
8.282,-0.97819805,0.6569927,-0.4636129,8.281,0.2707599,-0.08325483,-0.07078096
8.292,-0.95038795,0.7938795,-0.45846975,8.291,0.25548828,-0.108300306,-0.04145943
8.302,-0.92393494,0.90229857,-0.4734758,8.301,0.22494501,-0.14861742,0.00496633
8.312,-0.85625744,0.964306,-0.5126015,8.311,0.20417559,-0.1718303,0.02940094
8.322,-0.7902851,0.99104345,-0.55033493,8.321,0.17302147,-0.18832365,0.055668145
8.332,-0.71045685,1.0063798,-0.6260961,8.331,0.13636956,-0.20237356,0.07949189
8.342,-0.5916624,1.003146,-0.643973,8.341,0.09483072,-0.22008863,0.100872174
8.352,-0.45176792,0.95480895,-0.53596044,8.351,0.058178805,-0.23719287,0.116754666
8.362,-0.2916727,0.9221071,-0.3605932,8.361,0.027024677,-0.24635586,0.12652852
8.372,-0.1351633,0.85550976,-0.15302396,8.371,0.010531314,-0.2524645,0.12958284
8.382,-0.034596443,0.800135,-0.0030477047,8.381,0.003200932,-0.24696672,0.1283611
8.392,0.06878662,0.73894477,0.084200144,8.391,0.0019792016,-0.23658201,0.12347418
8.402,0.14264202,0.6470734,0.1169889,8.401,0.0019792016,-0.22375384,0.119809
8.412,0.18323994,0.52616155,0.13753414,8.411,0.0038117976,-0.21275827,0.11919813
8.424,0.24440575,0.38856685,0.17093253,8.423,0.012363911,-0.19931921,0.12225245
8.432,0.24840927,0.26176167,0.20363474,8.431,0.020305159,-0.18282586,0.12530679
8.442,0.1952343,0.14313471,0.27101755,8.441,0.034965925,-0.15655866,0.13874581
8.452,0.14458561,0.022407055,0.36633265,8.451,0.04473977,-0.13823271,0.15951525
8.462,0.103598595,-0.077953935,0.50791466,8.461,0.06612005,-0.1223502,0.18089552
8.472,0.038913727,-0.14193916,0.66070604,8.471,0.0881112,-0.10402425,0.19677801
8.482,-0.019508362,-0.20884097,0.8502455,8.481,0.11865447,-0.09180694,0.20594099
8.492,-0.018903732,-0.28383273,1.0391926,8.491,0.15347378,-0.0802005,0.21204965
8.502,-0.009379387,-0.3780591,1.263992,8.501,0.19440174,-0.066150606,0.21449311
8.512,0.030932426,-0.45599574,1.4502594,8.511,0.23716232,-0.04232686,0.21143879
8.526,0.07112408,-0.48877543,1.5956497,8.521,0.27320337,-0.010561865,0.20716272
8.532,0.059818268,-0.458368,1.7032694,8.531,0.3116879,0.024868317,0.20533013
8.542,-0.001909256,-0.3875211,1.7558352,8.541,0.34528548,0.052968122,0.20227581
8.552,-0.24218178,-0.26349282,1.8460071,8.551,0.38193738,0.073126666,0.20044321
8.562,-0.39196682,-0.20663261,1.8326523,8.561,0.41736755,0.08106793,0.20594099
8.572,-0.5196762,-0.118730426,1.7508471,8.571,0.45768467,0.091452636,0.2303756
8.582,-0.63390255,0.026404321,1.6513684,8.581,0.52304727,0.09267437,0.25236675
8.592,-0.7301178,0.16152215,1.5601285,8.591,0.565197,0.08656571,0.27863395
8.602,-0.7784014,0.30993837,1.5205536,8.601,0.61528796,0.080457054,0.3061229
8.612,-0.83749104,0.38782352,1.3666053,8.611,0.65865934,0.07679186,0.33300096
8.622,-0.83218956,0.44577515,1.2606995,8.621,0.6934787,0.068239756,0.36110076
8.632,-0.7732239,0.46290982,1.1125686,8.631,0.71791327,0.07068322,0.39103317
8.642,-0.7036495,0.48047382,1.0606737,8.641,0.7301306,0.07740273,0.42157644
8.652,-0.6231413,0.49930012,1.060729,8.651,0.728298,0.09450696,0.44540018
8.662,-0.5624628,0.5321517,1.0407917,8.661,0.72218937,0.12505022,0.46311527
8.672,-0.5442915,0.57857436,1.0056167,8.671,0.7124155,0.15498263,0.47288913
8.682,-0.5268154,0.6106328,0.93302727,8.681,0.7069177,0.18124983,0.48083037
8.692,-0.5426264,0.6254431,0.730937,8.691,0.7063069,0.19957578,0.4820521
8.702,-0.5683842,0.6299346,0.4349854,8.701,0.705696,0.20201924,0.4906042
8.712,-0.5582409,0.69267946,0.10181332,8.711,0.7075286,0.17941722,0.5150388
8.722,-0.41937923,0.84551704,-0.38619423,8.721,0.7270763,0.090230905,0.5388625
8.732,-0.027067184,0.97024,-1.0191654,8.731,0.77044773,-0.03438561,0.55902106
8.742,0.64692974,0.81334764,-1.5838823,8.741,0.82603645,-0.23536026,0.5510798
8.752,1.4751005,0.41651273,-1.4805285,8.751,0.9023946,-0.48031723,0.52114743
8.762,2.4039812,0.2752058,-0.8730453,8.761,0.96958977,-0.6464726,0.47349998
8.772,3.4654675,0.4089967,-0.7211895,8.771,0.96958977,-0.69473094,0.39103317
8.782,4.1463327,0.46064794,-0.7642821,8.781,0.8810143,-0.6055446,0.30978808
8.792,4.1932154,0.45139498,-0.8239064,8.791,0.71485895,-0.39662868,0.24320377
8.802,3.7193174,0.5772039,-1.0514355,8.801,0.524269,-0.16449991,0.18333898
8.812,2.957098,0.73194295,-1.2409542,8.811,0.3605571,0.023646586,0.14485447
8.822,1.887517,0.63267016,-1.420842,8.821,0.23471886,0.1781955,0.1460762
8.834,-0.41523457,-4.670024E-4,-1.0311811,8.833,0.17607579,0.30708808,0.20471928
8.842,-1.2945862,-0.36989862,-0.87574553,8.841,0.19379088,0.38283536,0.30001426
8.852,-1.8806047,-0.7003671,-0.6747656,8.851,0.26648384,0.4011613,0.42524162
8.862,-2.099402,-0.95770264,-0.48682976,8.861,0.38071564,0.34435084,0.6225511
8.872,-2.0310073,-1.0672537,-0.45225763,8.871,0.5816904,0.27226874,0.736172
8.882,-1.7218432,-0.9668393,-0.46620584,8.881,0.7081394,0.20385185,0.8204714
8.892,-1.2927217,-0.7657117,-0.8705491,8.891,0.791828,0.14337617,0.8662863
8.902,-0.8239193,-0.48697746,-1.2479756,8.901,0.82176036,0.08290052,0.8693406
8.912,-0.57192326,-0.30602616,-1.6556971,8.911,0.7997692,0.018759668,0.8345213
8.922,-0.45215797,-0.22094986,-1.9793504,8.921,0.7276871,-0.0539333,0.7868738
8.937,-0.28767395,-0.18872283,-2.0444744,8.931,0.6189531,-0.13273491,0.71601343
8.942,-0.13886261,-0.23166092,-1.7965367,8.941,0.50472134,-0.19565403,0.62804884
8.952,0.060896873,-0.44519848,-1.5493033,8.951,0.40331766,-0.23597115,0.5339756
8.962,0.15836239,-0.7809984,-1.3362665,8.961,0.33123556,-0.28117517,0.44540018
8.972,0.23034477,-0.9466072,-0.99677336,8.971,0.29947057,-0.33615303,0.37759414
8.982,0.32763195,-0.97217655,-0.5199982,8.981,0.30619007,-0.37341583,0.33849877
8.992,0.5280037,-0.88279116,-0.030422688,8.991,0.3214617,-0.37219408,0.33544442
9.002,0.8487835,-0.63476276,0.35779476,9.001,0.33428988,-0.32210314,0.37209636
9.012,1.1860123,-0.34403908,0.6960007,9.011,0.33001384,-0.2524645,0.41119173
9.022,1.4393616,-0.026282161,0.86156154,9.021,0.31229874,-0.16388905,0.45150882
9.032,1.6028891,0.2169611,0.9752674,9.031,0.28908587,-0.056987625,0.486939
9.042,1.6157503,0.387168,0.94854367,9.041,0.2512122,0.06762888,0.50770843
9.052,1.5271683,0.4445412,0.83682406,9.051,0.21394944,0.2026301,0.51442796
9.062,1.2878923,0.35021275,0.6494373,9.061,0.1846279,0.3290792,0.5058758
9.072,0.9441223,0.18305033,0.37747276,9.071,0.16324762,0.42559594,0.49488026
9.082,0.51002216,0.020199597,0.1527847,9.081,0.1424782,0.5086736,0.47411084
9.092,0.046949387,-0.074890435,-0.11355686,9.091,0.13209349,0.55082333,0.44540018
9.102,-0.49262714,-0.15319008,-0.42448342,9.101,0.11010235,0.5453255,0.4148569
9.112,-1.3231039,-0.18220484,-0.8219466,9.111,0.088722065,0.48179555,0.38736796
9.122,-1.5776563,-0.18011516,-0.9115069,9.121,0.06795265,0.3748941,0.35682473
9.132,-1.6925783,-0.19814563,-0.8947823,9.131,0.047794096,0.24600154,0.32689232
9.143,-1.5819869,-0.17380756,-0.8354691,9.143,0.0319116,0.1061134,0.30184683
9.152,-1.3774586,-0.1552239,-0.71033883,9.151,0.0019792016,-0.079589635,0.25786453
9.162,-1.1020336,-0.1996476,-0.48147404,9.161,-0.021233678,-0.17793894,0.2303756
9.172,-0.7440233,-0.18761694,-0.21644962,9.171,-0.042003095,-0.23536026,0.20166494
9.182,-0.35907555,-0.19005555,0.056732416,9.181,-0.058496457,-0.26346007,0.17173254
9.192,-0.021925926,-0.18011928,0.25319695,9.191,-0.06643771,-0.25490797,0.13752408
9.202,0.2846098,-0.16409111,0.4388795,9.201,-0.06582684,-0.22008863,0.10148303
9.212,0.48671818,-0.16911036,0.5262877,9.211,-0.058496457,-0.15961298,0.058111608
9.222,0.5929251,-0.18611526,0.5071107,9.221,-0.052387804,-0.08692002,0.008631522
9.232,0.5851841,-0.21768117,0.39954448,9.231,-0.043835692,-0.016059652,-0.04268116
9.246,0.5108366,-0.24800158,0.28052366,9.245,-0.038337905,0.027922645,-0.09155038
9.252,0.43196774,-0.20883942,0.13110912,9.251,-0.043224826,0.059687637,-0.13125661
9.262,0.33263588,-0.14534217,-0.019107103,9.261,-0.0542204,0.070072345,-0.16546507
9.272,0.2687807,-0.051401377,-0.11288607,9.271,-0.07315722,0.059687637,-0.18989968
9.282,0.22373962,-4.0334463E-4,-0.15267694,9.281,-0.103089616,0.049913794,-0.20639305
9.292,0.20602131,0.07056314,-0.10577774,9.291,-0.14096327,0.048692062,-0.23021677
9.302,0.15366173,0.15909135,-0.0915339,9.301,-0.16234356,0.054189853,-0.23754716
9.312,0.065283775,0.18640083,-0.088636875,9.311,-0.1898325,0.049913794,-0.24426669
9.322,-0.060299873,0.2102344,-0.019215107,9.321,-0.21060191,0.043805145,-0.24671015
9.332,-0.12747669,0.25461602,0.0073616505,9.331,-0.2264844,0.029144377,-0.24732101
9.342,-0.13989067,0.2848954,-0.06609893,9.341,-0.24297777,0.012040146,-0.24732101
9.352,-0.16944885,0.2918296,-0.10262799,9.351,-0.26435804,-0.009950999,-0.2454884
9.362,-0.20192337,0.3100547,-0.1375314,9.361,-0.30711862,-0.036218204,-0.24671015
9.372,-0.21688652,0.3989169,-0.11703479,9.371,-0.3639291,-0.06126368,-0.24487755
9.382,-0.23219967,0.45712915,-0.007930875,9.381,-0.4268482,-0.08325483,-0.23815805
9.392,-0.11126518,0.5647753,0.23701489,9.391,-0.4970977,-0.099748194,-0.23266023
9.402,0.23238087,0.6975971,0.40688837,9.401,-0.56490374,-0.102802515,-0.22716245
9.412,0.409935,0.7376237,0.6187111,9.411,-0.6278228,-0.091196075,-0.22471899
9.422,0.57307625,0.74509823,0.70125973,9.421,-0.6986832,-0.03438561,-0.24915361
9.432,0.62951374,0.6800015,0.79653335,9.431,-0.8049738,0.020592265,-0.27114475
9.442,0.6463413,0.6748603,0.8164077,9.441,-0.8782776,0.080457054,-0.30535322
9.452,0.60307884,0.62079966,0.7352903,9.451,-0.95646834,0.13543493,-0.3438377
9.462,0.5007858,0.5376056,0.59574354,9.461,-1.0224417,0.18430415,-0.38720915
9.472,0.38463497,0.41133273,0.46063745,9.471,-1.0902479,0.21912348,-0.43424577
9.482,0.28310108,0.25329584,0.33597255,9.481,-1.1470582,0.23928204,-0.48555848
9.492,0.20677471,0.059485316,0.25499606,9.491,-1.2038687,0.2502776,-0.54420155
9.502,0.101576805,-0.1490531,0.18999743,9.501,-1.2454076,0.248445,-0.6046772
9.512,0.0057849884,-0.31699705,0.16291356,9.511,-1.2875574,0.24172547,-0.6633203
9.522,-0.06254196,-0.43145782,0.1350801,9.521,-1.325431,0.23622769,-0.7225742
9.532,-0.14038658,-0.5552452,0.11462307,9.531,-1.3504764,0.22950819,-0.77083254
9.542,-0.15587139,-0.6940292,0.10634756,9.541,-1.3730785,0.22095606,-0.8184801
9.552,-0.16142273,-0.91024464,0.09630132,9.552,-1.384074,0.2203452,-0.8612406
9.562,-0.13424397,-1.0853751,0.00538373,9.561,-1.3767437,0.2185126,-0.89728165
9.572,-0.15380955,-1.3415222,-0.12223458,9.571,-1.3626938,0.19713232,-0.93515533
9.582,-0.03801155,-1.4218199,-0.19019294,9.581,-1.348033,0.18430415,-0.9687529
9.592,-0.007712364,-1.5011129,-0.3719064,9.591,-1.32482,0.1482631,-1.0017395
9.602,-0.005952835,-1.5370778,-0.6413611,9.601,-1.3064941,0.09695042,-1.0200655
9.612,0.04077339,-1.6533421,-0.8772086,9.611,-1.2906116,0.021813996,-1.0188438
9.622,0.20506859,-1.7703207,-1.0911154,9.621,-1.2765617,-0.06248541,-1.0017395
9.632,0.44580555,-1.8343879,-1.2923145,9.631,-1.27534,-0.15778038,-0.9650877
9.642,0.70105076,-1.8157477,-1.2966279,9.641,-1.2826704,-0.23841462,-0.9107207
9.656,0.9406767,-1.7057898,-1.2066767,9.655,-1.293055,-0.2872838,-0.82886475
9.662,1.2416449,-1.3677388,-1.1769745,9.661,-1.3034399,-0.31904882,-0.7402893
9.672,1.5596704,-0.9110934,-1.0752144,9.671,-1.3119919,-0.3086641,-0.6572116
9.682,1.9427347,-0.08871026,-0.67602503,9.681,-1.3138245,-0.25918403,-0.5839078
9.692,1.8566685,0.073347,-0.45824122,9.691,-1.293055,-0.1626673,-0.537482
9.702,1.5282087,0.06706658,-0.30237317,9.701,-1.2576249,-0.036218204,-0.5197669
9.712,1.0279846,0.018777758,-0.40208793,9.711,-1.1916515,0.15925866,-0.53198427
9.722,0.40641212,-0.0203709,-0.6347233,9.721,-1.1641625,0.2398929,-0.56374925
9.732,-0.18343163,-0.0038841367,-0.8750714,9.731,-1.1592757,0.26249492,-0.6040664
9.742,-0.7998762,-0.02988574,-1.1942466,9.741,-1.1721038,0.2466124,-0.6541573
9.752,-1.2437439,-0.01017943,-1.4542326,9.751,-1.2099774,0.18430415,-0.7152438
9.762,-1.5592394,0.017070383,-1.7837317,9.761,-1.2362447,0.078624465,-0.7806064
9.772,-1.8095336,0.0049216747,-2.0788894,9.771,-1.2643445,-0.06737233,-0.83130825
9.782,-1.7626514,0.06176412,-2.1553216,9.781,-1.3016073,-0.22741902,-0.8514668
9.792,-1.4958811,0.09639907,-2.0196192,9.791,-1.3413135,-0.3807462,-0.855132
9.802,-1.1503601,0.1555857,-1.7119315,9.801,-1.3761327,-0.49803233,-0.8514668
9.812,-0.85071373,0.20962942,-1.3087393,9.811,-1.393237,-0.58721864,-0.8374169
9.822,-0.58649445,0.35270053,-0.79775614,9.821,-1.3956804,-0.6501378,-0.80992794
9.832,-0.37857437,0.5444673,-0.3553276,9.831,-1.3828523,-0.6745724,-0.77327603
9.842,-0.2172451,0.73625094,0.07156515,9.841,-1.365748,-0.6776267,-0.72562855
9.852,-0.061864853,0.98086923,0.3936553,9.851,-1.3388699,-0.6366987,-0.6449943
9.862,0.17525673,1.2202673,0.68245685,9.861,-1.3284853,-0.5804991,-0.5979577
9.872,0.402133,1.4098251,0.91174316,9.871,-1.3187114,-0.4913128,-0.5661927
9.882,0.6215105,1.5054729,1.0851487,9.881,-1.3077159,-0.3911309,-0.5509211
9.892,0.7266817,1.4338199,0.9066105,9.891,-1.3119919,-0.29705766,-0.54359066
9.902,0.65012074,1.261135,0.690122,9.901,-1.3181006,-0.22680816,-0.54053634
9.912,0.49072456,1.1107757,0.51651657,9.911,-1.3303179,-0.1840476,-0.54297984
9.922,0.35350323,1.0283965,0.38914454,9.921,-1.3400917,-0.16083471,-0.5472559
9.932,0.20948601,0.92435837,0.35861468,9.931,-1.348033,-0.15289347,-0.5527537
9.942,0.08359814,0.80479276,0.46932173,9.941,-1.3339831,-0.15778038,-0.5551971
9.952,-0.013383865,0.7028005,0.5133511,9.951,-1.3132137,-0.16633251,-0.55825144
9.963,-0.099552155,0.62787354,0.53489363,9.962,-1.3009963,-0.17488462,-0.55825144
9.972,-0.13291073,0.5553578,0.5865747,9.971,-1.2942768,-0.1840476,-0.55947316
9.982,-0.16867161,0.46904635,0.7023531,9.981,-1.2863356,-0.19931921,-0.56008404
9.992,-0.21985054,0.36624134,0.7557777,9.991,-1.2680097,-0.20542789,-0.56008404
10.002,-0.23871613,0.2839899,0.73232234,10.001,-1.2307469,-0.21825606,-0.5588623
10.012,-0.2420063,0.2091986,0.69760525,10.011,-1.1983709,-0.2280299,-0.5576406
10.022,-0.24284554,0.08796549,0.66092014,10.021,-1.1684386,-0.23352769,-0.5570297
10.032,-0.2581129,-0.054100394,0.6033516,10.031,-1.1323975,-0.23902547,-0.5527537
10.042,-0.2723856,-0.20800614,0.52269435,10.041,-1.1024652,-0.24574497,-0.54297984
10.052,-0.29182148,-0.2986027,0.4404478,10.051,-1.0829175,-0.2524645,-0.524043
10.066,-0.3166132,-0.2998048,0.3877318,10.061,-1.0700892,-0.26040575,-0.49655405
10.072,-0.36107445,-0.20100832,0.38694882,10.071,-1.0597045,-0.26407093,-0.4617347
10.082,-0.38686943,-0.041181922,0.4131602,10.081,-1.0523742,-0.2597949,-0.42630452
10.092,-0.40336037,0.08798599,0.43329728,10.091,-1.043822,-0.24635586,-0.39270693
10.102,-0.41294384,0.21707761,0.38089263,10.101,-1.0267179,-0.23597115,-0.36277455
10.112,-0.3976164,0.29293644,0.29921734,10.111,-1.0126679,-0.2261973,-0.33772907
10.122,-0.33593178,0.33661747,0.22063017,10.121,-1.0065594,-0.22986248,-0.3194031
10.132,-0.26653194,0.32918727,0.19367802,10.131,-1.0016724,-0.25368622,-0.2998554
10.142,-0.17825222,0.33536565,0.21600604,10.141,-1.0004507,-0.26590353,-0.29069245
10.152,-0.092635155,0.33511198,0.28118742,10.151,-1.0004507,-0.2787317,-0.28519467
10.162,-0.008199692,0.31949615,0.31142247,10.161,-1.0004507,-0.27567738,-0.27969688
10.172,0.03214264,0.33137774,0.32736373,10.171,-0.9992289,-0.26468182,-0.279086
10.182,0.047650337,0.31563008,0.34154725,10.181,-1.0059484,-0.24818844,-0.27969688
10.192,0.058711052,0.2876234,0.34441912,10.191,-1.003505,-0.23047334,-0.2827512
10.202,0.072444916,0.28093088,0.3350947,10.201,-1.0047268,-0.21642345,-0.28580552
10.212,0.07807255,0.22589087,0.32713938,10.211,-1.0010616,-0.20542789,-0.2913033
10.222,0.05260563,0.17567456,0.33105385,10.221,-0.99373114,-0.20359528,-0.2913033
10.232,0.015090942,0.14237535,0.3294295,10.231,-0.9870116,-0.20787135,-0.2900816
10.242,-0.08005524,0.0714978,0.28376138,10.241,-0.9747943,-0.2084822,-0.28214034
10.252,-0.15507793,0.026734114,0.26950908,10.251,-0.9656313,-0.21031481,-0.27297735
10.262,-0.23871422,-0.0011782646,0.22636378,10.261,-0.95830095,-0.20726046,-0.25831658
10.273,-0.33112907,0.019154787,0.16459846,10.272,-0.9497488,-0.21092567,-0.24243408
10.282,-0.36553955,0.055696487,0.10339141,10.281,-0.93508804,-0.22497556,-0.21861035
10.292,-0.37893963,0.13198781,-0.023331165,10.291,-0.92653596,-0.23841462,-0.20394959
10.302,-0.34986115,0.14705324,-0.111489296,10.301,-0.9289794,-0.26407093,-0.19173227
10.312,-0.30928326,0.13758779,-0.13988543,10.311,-0.9320337,-0.2872838,-0.18501276
10.322,-0.25855923,0.07761288,-0.06487906,10.321,-0.93508804,-0.31721622,-0.17462805
10.332,-0.18200111,0.004083872,0.08304238,10.331,-0.9344772,-0.3416508,-0.16546507
10.342,-0.12624454,-0.06479716,0.22422028,10.341,-0.9259251,-0.35875505,-0.1526369
10.352,-0.091070175,-0.11691332,0.36054826,10.351,-0.9106535,-0.3575333,-0.13736527
10.362,-0.035695076,-0.13550615,0.4567566,10.361,-0.8935492,-0.3508138,-0.12209363
10.372,0.0053138733,-0.19332826,0.5161381,10.371,-0.8746124,-0.32882264,-0.10437855
10.382,0.045093536,-0.25913274,0.52674186,10.381,-0.858119,-0.3068315,-0.086663455
10.392,0.08377075,-0.25649917,0.5034791,10.391,-0.8342953,-0.27506652,-0.07017009
10.402,0.074557304,-0.2395457,0.43064058,10.401,-0.81352586,-0.25368622,-0.0561202
10.412,0.006586075,-0.26117373,0.3667332,10.411,-0.7897021,-0.24146894,-0.043902893
10.422,-0.06305027,-0.25100493,0.32254493,10.421,-0.76160234,-0.24024719,-0.020690009
10.432,-0.0526886,-0.23945725,0.27061903,10.431,-0.7463307,-0.22925162,-0.0035857838
10.442,-0.053263664,-0.24180865,0.20308912,10.441,-0.735946,-0.21031481,0.014740174
10.452,-0.12935829,-0.24850869,0.14591718,10.451,-0.72800475,-0.18832365,0.034287862
10.462,-0.16975784,-0.25268006,0.093818665,10.461,-0.7286156,-0.16205645,0.060555067
10.472,-0.22221375,-0.23218238,0.052871704,10.471,-0.7218961,-0.13517837,0.08437881
10.482,-0.25333977,-0.15196013,0.037959456,10.482,-0.71212226,-0.11318722,0.110646024
10.492,-0.30989933,-0.062457323,-2.7525425E-4,10.491,-0.695018,-0.099748194,0.13508062
10.502,-0.33569622,0.036162615,-0.041849494,10.501,-0.681579,-0.095472135,0.1601261
10.512,-0.3356266,0.12942982,-0.06897831,10.511,-0.6626422,-0.10158078,0.18394984
10.522,-0.3144827,0.19177282,-0.028270364,10.521,-0.64004016,-0.11563069,0.20349754
10.532,-0.29138947,0.12014854,0.24547935,10.531,-0.6113295,-0.13090232,0.22304523
10.542,-0.2984352,0.05536735,0.41970885,10.541,-0.57834274,-0.13701096,0.23831686
10.552,-0.31037426,0.031337738,0.53389406,10.551,-0.5404691,-0.13090232,0.2584754
10.562,-0.34762096,0.003157258,0.560287,10.561,-0.48182607,-0.11929588,0.2871861
10.572,-0.3706274,-0.09313619,0.5628221,10.571,-0.44883937,-0.11746328,0.3061229
10.585,-0.31246185,-0.14812112,0.62076056,10.584,-0.4182961,-0.11929588,0.32933578
10.592,-0.27117157,-0.16173518,0.71299744,10.591,-0.38775283,-0.114408955,0.3513269
10.602,-0.22383785,-0.20642972,0.7446135,10.601,-0.3474357,-0.10463511,0.37026376
10.612,-0.2098856,-0.2472508,0.73519635,10.611,-0.31322727,-0.08692002,0.3885897
10.622,-0.15998077,-0.26290858,0.70746076,10.621,-0.27962968,-0.0802005,0.40386134
10.632,-0.11483765,-0.2219696,0.69716036,10.631,-0.24175604,-0.07042666,0.42340901
10.642,-0.0682888,-0.13989663,0.676708,10.641,-0.20693672,-0.047213778,0.44601104
10.652,0.025179863,-0.055033803,0.72635317,10.651,-0.17333913,-0.02522263,0.4680022
10.662,0.13702965,0.08074403,0.7727988,10.661,-0.13363288,-1.7715245E-4,0.48266295
10.672,0.279356,0.26948798,0.788049,10.671,-0.09514837,0.029144377,0.48938248
10.682,0.37821674,0.48810852,0.7307185,10.681,-0.06155078,0.05480071,0.48266295
10.692,0.44576168,0.6808646,0.65981877,10.691,-0.04261396,0.08962003,0.47105652
10.702,0.45913315,0.7981887,0.59927285,10.701,-0.031618387,0.1201633,0.44723278
10.712,0.4592476,0.86872196,0.5571809,10.711,-0.021233678,0.1659782,0.42707422
10.722,0.3932209,0.8572327,0.5146359,10.721,-0.021233678,0.19163454,0.40508306
10.732,0.31225204,0.78774416,0.46557057,10.731,-0.026731465,0.20934963,0.3855354
10.742,0.20424843,0.6670661,0.40257776,10.741,-0.032229252,0.22095606,0.36476597
10.752,0.113285065,0.5510898,0.38511407,10.751,-0.040781364,0.22401041,0.34949434
10.762,0.02016449,0.44493425,0.36768067,10.761,-0.0401705,0.22767559,0.33666617
10.772,-0.015348434,0.3859306,0.33987558,10.771,-0.032840118,0.22767559,0.3256706
10.782,0.0029554367,0.2736615,0.3398949,10.781,-0.0261206,0.21729088,0.31589675
10.793,0.095376015,0.12927604,0.3657651,10.792,-0.009627238,0.2026301,0.30062512
10.802,0.25107288,-0.0016518235,0.4344499,10.801,0.009309584,0.18308243,0.28229916
10.812,0.7189932,-0.37483576,0.5441092,10.811,0.024581214,0.16048041,0.2548102
10.822,0.95221424,-0.5697297,0.6582148,10.821,0.03313333,0.14154357,0.21876916
10.832,1.061307,-0.73607266,0.6992835,10.831,0.045350634,0.14398703,0.17356513
10.842,1.0137863,-0.8814658,0.6896739,10.841,0.04473977,0.19652146,0.10881342
10.852,0.80958176,-0.98692465,0.5050169,10.851,0.019694293,0.25944057,0.07521583
10.862,0.5204973,-1.0533131,0.20968437,10.861,-0.0047403164,0.32724664,0.056889877
10.872,0.1974783,-1.0484388,-0.10018706,10.871,-0.031007523,0.3700072,0.049559493
10.882,-0.11922073,-0.98546916,-0.37105453,10.881,-0.062161647,0.38161364,0.052613817
10.895,-0.3949566,-0.8533377,-0.5240911,10.894,-0.08781799,0.35656816,0.055668145
10.902,-0.60922337,-0.737605,-0.6144587,10.901,-0.118972115,0.30708808,0.059333336
10.912,-0.7447405,-0.67121786,-0.5321909,10.911,-0.14646105,0.23500597,0.062387664
10.922,-0.80164146,-0.67999303,-0.34604228,10.921,-0.16295442,0.1500957,0.060555067
10.932,-0.76421833,-0.70995975,-0.073708296,10.931,-0.17333913,0.07129408,0.0617768
10.942,-0.6476679,-0.73213005,0.17792392,10.941,-0.18189125,0.005320631,0.053224683
10.952,-0.49947262,-0.774659,0.35757947,10.951,-0.19533028,-0.039272532,0.04833776
10.962,-0.3395424,-0.8581542,0.4627707,10.961,-0.21060191,-0.058209352,0.05017036
10.972,-0.20742607,-0.91534054,0.55316865,10.971,-0.22343008,-0.07592445,0.06666372
10.982,0.0106163025,-1.0035943,0.57888234,10.981,-0.24175604,-0.083865695,0.105148226
10.992,0.3004303,-1.1169498,0.67553556,10.991,-0.27107757,-0.08264396,0.1356915
11.002,0.5762377,-1.2732117,0.780494,11.001,-0.2845166,-0.067983195,0.1674565
11.012,0.7509489,-1.3874817,0.852659,11.011,-0.29734477,-0.03316388,0.19861062
11.022,0.8081665,-1.4420404,0.86901855,11.021,-0.31933594,0.017537937,0.22976474
11.032,0.80326843,-1.400741,0.8369944,11.031,-0.337051,0.08228966,0.25786453
11.042,0.7325554,-1.2898241,0.7565309,11.041,-0.3620965,0.13726753,0.2743579
11.052,0.5945978,-1.1946044,0.61256564,11.051,-0.38408765,0.18063897,0.28474262
11.062,0.38917446,-1.0959672,0.46399283,11.061,-0.40485707,0.21118224,0.28413174
11.072,0.19010925,-1.051862,0.29603648,11.071,-0.42257214,0.22278866,0.27924484
11.082,-0.05552864,-1.0267615,0.16374207,11.081,-0.43662205,0.2221778,0.27008185
11.092,-0.49051952,-1.0445702,-0.03443432,11.091,-0.44700676,0.2044627,0.25542107
11.102,-0.6531763,-1.0371928,-0.11485338,11.101,-0.45067194,0.1745303,0.23770599
11.112,-0.75905704,-0.990382,-0.14568853,11.111,-0.45739147,0.13726753,0.2218235
11.122,-0.80642223,-0.9676979,-0.15047693,11.121,-0.46105665,0.070072345,0.19433457
11.132,-0.7612486,-0.92546064,-0.09339452,11.131,-0.47144136,0.02731178,0.17295428
11.142,-0.71201324,-0.8721429,-0.032512665,11.141,-0.47632828,-0.010561865,0.15340659
11.152,-0.6165924,-0.8115435,0.0059247017,11.151,-0.48182607,-0.037439935,0.13263717
11.162,-0.54201126,-0.7198589,-0.0093791485,11.161,-0.4903782,-0.061874546,0.11186774
11.172,-0.47751045,-0.5866782,-0.036550045,11.171,-0.4970977,-0.085087426,0.08987659
11.182,-0.43505,-0.4211927,-0.055422068,11.181,-0.5087041,-0.107078575,0.06299853
11.192,-0.38125324,-0.28584728,-0.07744217,11.191,-0.522754,-0.13334578,0.032455266
11.205,-0.3268404,-0.25748456,-0.026302338,11.204,-0.5374148,-0.15839125,-0.0023640543
11.212,-0.25760746,-0.26001257,0.06646371,11.211,-0.5532973,-0.19076711,-0.034129046
11.222,-0.19015789,-0.24216217,0.15942025,11.221,-0.56246024,-0.22008863,-0.06650491
11.232,-0.10412979,-0.21244974,0.21078682,11.231,-0.58322966,-0.25002104,-0.09155038
11.242,-0.05550003,-0.14635113,0.3306718,11.241,-0.6131621,-0.26407093,-0.112930655
11.252,0.031539917,-0.074136674,0.40838158,11.251,-0.6412619,-0.26468182,-0.124537095
11.262,0.1187973,0.018872455,0.4601357,11.261,-0.67180514,-0.25735143,-0.13308921
11.272,0.17556763,0.10203473,0.50780463,11.271,-0.72800475,-0.22986248,-0.14164132
11.282,0.22196484,0.21763562,0.5811124,11.281,-0.7622132,-0.21092567,-0.15385863
11.292,0.2533636,0.3340157,0.6408113,11.291,-0.79581076,-0.1840476,-0.17096286
11.307,0.2757225,0.4400243,0.66295767,11.301,-0.82818663,-0.15716952,-0.19112141
11.312,0.26506805,0.511198,0.6571727,11.311,-0.85445386,-0.13212405,-0.21555603
11.322,0.20929909,0.5022662,0.6325263,11.321,-0.88377535,-0.1137981,-0.23937976
11.332,0.12277222,0.48372343,0.60457397,11.331,-0.9112643,-0.0942504,-0.2650361
11.342,0.011340141,0.40489513,0.52984583,11.341,-0.93936414,-0.0820331,-0.2845838
11.352,-0.09638214,0.277773,0.45082533,11.351,-0.96013355,-0.07470272,-0.30535322
11.362,-0.22932911,0.1881991,0.3579408,11.361,-0.9833464,-0.078367904,-0.31879225
11.372,-0.33387756,0.10866964,0.25609028,11.371,-1.0022832,-0.09486127,-0.33223128
11.382,-0.4736023,-0.0047205985,0.1795206,11.381,-1.0236635,-0.118685015,-0.342616
11.392,-0.5037489,-0.067938685,0.23057914,11.391,-1.043822,-0.15106088,-0.34994638
11.402,-0.48419094,-0.10135755,0.27295876,11.401,-1.0578719,-0.18649106,-0.35544416
11.412,-0.46065807,-0.15501404,0.41098964,11.411,-1.0749762,-0.23841462,-0.35788763
11.422,-0.40396404,-0.17156449,0.59090436,11.421,-1.0816957,-0.27323392,-0.36094195
11.432,-0.305398,-0.17860505,0.7450707,11.431,-1.0859718,-0.29094902,-0.3633854
11.442,-0.18767643,-0.22320628,0.863773,11.441,-1.0871935,-0.30072287,-0.365218
11.452,-0.09809494,-0.28723523,0.964062,11.451,-1.08475,-0.29522508,-0.3633854
11.462,-0.036813736,-0.30169585,0.99523747,11.461,-1.08475,-0.2823969,-0.35849848
11.472,0.028595924,-0.29732466,1.0032588,11.471,-1.0859718,-0.26407093,-0.35177898
11.482,0.06819439,-0.31682533,0.9857092,11.481,-1.0871935,-0.24269065,-0.3407834
11.492,0.037659645,-0.31364626,0.99054146,11.491,-1.0878043,-0.22131038,-0.33100954
11.502,0.038589478,-0.27979937,0.9886979,11.501,-1.0890261,-0.20726046,-0.32429004
11.512,0.085386276,-0.25986412,1.0636884,11.511,-1.0890261,-0.19198884,-0.32062483
11.522,0.0872736,-0.24627967,1.1604284,11.521,-1.0896369,-0.16144559,-0.32184657
11.532,0.06110668,-0.27959523,1.2675382,11.531,-1.080474,-0.13395664,-0.32734436
11.542,0.036777496,-0.3261299,1.3553128,11.541,-1.0664241,-0.10891117,-0.33162042
11.552,-0.0012712479,-0.37867358,1.4070599,11.551,-1.0389352,-0.08081137,-0.34017253
11.562,-0.05554676,-0.46544224,1.4473623,11.561,-1.0187767,-0.06431801,-0.3444486
11.572,-0.0781908,-0.59068674,1.4932443,11.571,-0.99006593,-0.04843551,-0.34933552
11.582,-0.16612434,-0.7399185,1.4786446,11.581,-0.9503597,-0.030109555,-0.35727677
11.592,-0.25134754,-0.8645953,1.4337119,11.591,-0.9100426,-0.024611767,-0.3603311
11.602,-0.35083103,-0.9447521,1.360813,11.601,-0.8770559,-0.028887823,-0.35727677
11.614,-0.43371773,-0.9657408,1.3212743,11.614,-0.8556756,-0.047213778,-0.35177898
11.622,-0.44499588,-0.99318254,1.3895267,11.621,-0.83490616,-0.07042666,-0.34322685
11.632,-0.3867874,-1.0253717,1.5532172,11.631,-0.81047153,-0.08325483,-0.33100954
11.642,-0.2731886,-0.99582165,1.6768408,11.641,-0.7762631,-0.08081137,-0.31695965
11.652,-0.10515404,-0.95770085,1.7112936,11.651,-0.7377786,-0.06126368,-0.30535322
11.662,0.17477798,-0.9617836,1.7573137,11.661,-0.7011267,-0.0380508,-0.29619023
11.672,0.29603958,-0.96682894,1.6056676,11.671,-0.6565335,-0.0056749433,-0.288249
11.682,0.34594345,-0.9296274,1.3909504,11.681,-0.6101078,0.03280957,-0.2754208
11.692,0.40225124,-0.9371118,1.1481757,11.691,-0.5789536,0.07679186,-0.256484
11.702,0.5025997,-1.0672995,0.81015146,11.701,-0.5429126,0.093285225,-0.24060151
11.716,0.61891365,-1.2262894,0.3087982,11.711,-0.500152,0.092063494,-0.21799949
11.722,0.72307396,-1.2003632,-0.4131155,11.721,-0.4604458,0.0743484,-0.1825693
11.732,0.7283907,-0.97836787,-0.9463533,11.731,-0.4537263,0.029755242,-0.14286305
11.742,0.7601948,-0.74327475,-1.0869763,11.741,-0.49282166,-0.046602912,-0.1086546
11.752,0.9563427,-0.55402774,-0.8584815,11.751,-0.5380257,-0.12968059,-0.09216124
11.762,1.2938347,-0.32260048,-0.6399088,11.761,-0.554519,-0.17610635,-0.0860526
11.772,1.6385889,0.039995328,-0.46326518,11.771,-0.54657775,-0.16938683,-0.09216124
11.782,1.8698092,0.5706953,-0.4116888,11.781,-0.5337496,-0.09852646,-0.109876335
11.792,1.8705635,1.0880078,-0.5541549,11.791,-0.5264192,-0.0075075403,-0.15385863
11.802,1.7086267,1.4544692,-0.7123375,11.801,-0.5361931,0.06396369,-0.21555603
11.812,1.4615297,1.5780617,-0.9505507,11.811,-0.5526864,0.12810454,-0.2741991
11.822,1.1563969,1.4942843,-1.0510118,11.821,-0.58200794,0.17086512,-0.33772907
11.832,0.8877144,1.3037786,-1.0151362,11.831,-0.61743814,0.20018664,-0.43119144
11.842,0.6605406,1.0227952,-0.9890567,11.841,-0.6638639,0.23744944,-0.48983452
11.852,0.46838665,0.6001699,-1.0289667,11.851,-0.6986832,0.24539068,-0.5295408
11.862,0.43855572,0.33097547,-0.98353124,11.861,-0.74022204,0.2679927,-0.5704688
11.872,0.23101616,-0.0054623485,-0.9707066,11.871,-0.76465666,0.2820426,-0.6187271
11.882,-0.07319832,-0.4224642,-1.1233101,11.881,-0.77504134,0.28692952,-0.63399875
11.892,-0.340703,-0.77483237,-1.2867415,11.891,-0.7897021,0.26982528,-0.6242249
11.902,-0.5038328,-0.9542292,-1.3370068,11.901,-0.79947597,0.23622769,-0.59673595
11.912,-0.5900955,-0.99048257,-1.248253,11.911,-0.8049738,0.2044627,-0.5661927
11.922,-0.6469841,-0.92733794,-1.012853,11.921,-0.8006977,0.18430415,-0.5362603
11.932,-0.6810198,-0.8791581,-0.6826228,11.931,-0.771987,0.17758462,-0.50754964
11.942,-0.6938801,-0.72057265,-0.09048295,11.941,-0.72739387,0.18369329,-0.48067155
11.952,-0.7050457,-0.5446808,0.089815855,11.951,-0.65958786,0.18796936,-0.45135
11.962,-0.6961708,-0.28776157,0.15762687,11.961,-0.58384055,0.19652146,-0.41836327
11.972,-0.62973595,0.00649482,0.28479362,11.971,-0.4708305,0.18980193,-0.36643973
11.982,-0.4606533,0.29971886,0.285501,11.981,-0.39813754,0.16414559,-0.3352856
11.992,-0.2726593,0.4270838,0.24111772,11.991,-0.32788804,0.139711,-0.310851
12.002,-0.038226128,0.4580441,0.2150824,12.001,-0.26191458,0.12199589,-0.29496852
12.012,0.23649693,0.44780707,0.10869646,12.011,-0.20143893,0.10061561,-0.2827512
12.024,0.48855495,0.44104052,0.059755564,12.024,-0.16051096,0.103669934,-0.2735882
12.032,0.69219303,0.47908688,-0.0034725666,12.031,-0.13974154,0.12993714,-0.2735882
12.042,0.819273,0.5057601,-0.041520834,12.041,-0.142185,0.17941722,-0.27664253
12.052,0.8028288,0.5368825,-0.10855913,12.051,-0.1544023,0.23561683,-0.28336206
12.062,0.7385721,0.58740485,-0.16322708,12.061,-0.16417615,0.2838752,-0.2931359
12.072,0.57615566,0.62846184,-0.16668153,12.071,-0.17333913,0.32663575,-0.30413148
12.082,0.38244057,0.6506675,-0.2844882,12.081,-0.17944779,0.3632877,-0.31268358
12.092,0.07951832,0.6180844,-0.41792083,12.091,-0.18433471,0.3944418,-0.32062483
12.102,-0.27799225,0.5917232,-0.5799159,12.101,-0.18677816,0.41093516,-0.3145162
12.112,-0.67265606,0.546183,-0.78678155,12.111,-0.1861673,0.41398948,-0.29802284
12.126,-1.0353651,0.5289357,-1.0372529,12.121,-0.18066952,0.3700072,-0.25770572
12.132,-1.3019581,0.5150585,-1.2935295,12.131,-0.17333913,0.3083098,-0.22410813
12.142,-1.511672,0.46868038,-1.4938222,12.141,-0.16600874,0.21668002,-0.18928881
12.152,-1.6143632,0.43982267,-1.5695279,12.151,-0.1544023,0.12077416,-0.15569122
12.162,-1.587461,0.40956354,-1.5405262,12.161,-0.13607635,0.017537937,-0.12026104
12.172,-1.467586,0.31227255,-1.4409786,12.171,-0.11530692,-0.073480986,-0.086663455
12.182,-1.2484121,0.25173688,-1.3346213,12.181,-0.095759235,-0.15472606,-0.048178945
12.192,-0.9435158,0.23130965,-1.177444,12.191,-0.08109847,-0.21336913,-0.016413953
12.202,-0.5903692,0.26591718,-1.0548054,12.201,-0.0701029,-0.24818844,0.0074097905
12.212,-0.27718925,0.32043445,-0.92236495,12.211,-0.06277251,-0.268347,0.025735747
12.222,0.028596878,0.38431072,-0.8476386,12.221,-0.059107322,-0.28667295,0.034287862
12.232,0.47211742,0.6579635,-0.84155965,12.231,-0.053609535,-0.2982794,0.02940094
12.242,0.5684223,0.74128973,-0.7454262,12.241,-0.057274725,-0.3159945,0.01901623
12.252,0.59805775,0.7725587,-0.5690415,12.251,-0.060329054,-0.32699007,0.0013011377
12.262,0.5699959,0.7491176,-0.46499896,12.261,-0.051166072,-0.31782708,-0.031074721
12.272,0.52858734,0.7106292,-0.40563965,12.271,-0.0401705,-0.29583594,-0.05001154
12.282,0.42962837,0.6502036,-0.28866327,12.281,-0.032840118,-0.27079046,-0.06894836
12.292,0.33031845,0.5612346,-0.18040085,12.291,-0.02245541,-0.2506319,-0.0823874
12.302,0.20880318,0.5142642,-0.038288116,12.301,-0.02245541,-0.24085805,-0.08727433
12.312,0.14283276,0.45300245,0.13430262,12.311,0.0019792016,-0.22925162,-0.08727433
12.322,0.11674023,0.36844862,0.3745606,12.321,0.010531314,-0.22069952,-0.08544172
12.332,0.11990833,0.3033234,0.6340251,12.331,0.032522466,-0.20420614,-0.08421999
12.342,0.08299923,0.29862678,0.74151397,12.341,0.059400536,-0.18343672,-0.087885186
12.352,-0.007250786,0.37753832,0.7618307,12.351,0.08383515,-0.16572164,-0.084830865
12.362,-0.14136314,0.39408445,0.84138465,12.361,0.09177639,-0.15472606,-0.0823874
12.372,-0.20345497,0.4331392,0.91911983,12.371,0.10704803,-0.15778038,-0.07872221
12.382,-0.25218868,0.43138635,0.95427704,12.381,0.12415225,-0.16083471,-0.073224425
12.392,-0.25520897,0.42609787,0.99802613,12.391,0.1339261,-0.16205645,-0.06772664
12.402,-0.28777885,0.4101286,0.9238714,12.401,0.15530637,-0.15045,-0.06039625
12.412,-0.3908844,0.45909798,0.80165136,12.411,0.1583607,-0.14250876,-0.04145943
12.422,-0.4807787,0.58877766,0.6841017,12.421,0.1528629,-0.13334578,-0.019468281
12.434,-0.4631071,0.74340594,0.55241764,12.434,0.14064561,-0.13884357,-0.0041966494
12.442,-0.48258114,0.87254286,0.5484563,12.441,0.13148263,-0.1364001,0.012907578
12.452,-0.5512085,0.9553206,0.46961606,12.451,0.11437841,-0.13334578,0.03673132
12.462,-0.6115227,0.981971,0.4081272,12.461,0.09483072,-0.12906972,0.058111608
12.472,-0.6565771,0.96740866,0.37316632,12.471,0.08200255,-0.13212405,0.08560054
12.482,-0.7030897,0.9630823,0.38608837,12.481,0.062454864,-0.13517837,0.11125688
12.492,-0.69591427,0.972981,0.4689269,12.491,0.041685443,-0.13334578,0.14118928
12.502,-0.6359997,1.023747,0.48341727,12.501,0.017861698,-0.12479366,0.16073698
12.512,-0.5076933,1.161058,0.48846757,12.511,0.017861698,-0.11624155,0.17845206
12.522,-0.4509802,1.2511816,0.46909332,12.521,-0.032229252,-0.10646771,0.1900585
12.532,-0.43688583,1.2907782,0.38040853,12.531,-0.060939915,-0.08447656,0.19494542
12.542,-0.44282246,1.3552923,0.2639246,12.541,-0.09331577,-0.06859406,0.19922148
12.552,-0.5128889,1.3849571,0.17006135,12.551,-0.14829366,-0.043548588,0.20166494
12.562,-0.5926542,1.3240539,0.15555584,12.561,-0.18922162,-0.047213778,0.20838445
12.572,-0.6450968,1.2368917,0.24298704,12.571,-0.22770613,-0.052100703,0.22060177
12.582,-0.6426172,1.1771634,0.38666523,12.581,-0.25580594,-0.057598487,0.2303756
12.592,-0.6186514,1.1640023,0.47726333,12.591,-0.27718621,-0.06004195,0.24014945
12.602,-0.59332085,1.1784726,0.54819095,12.601,-0.29673392,-0.04965724,0.2529776
12.612,-0.5879488,1.2534212,0.55814064,12.611,-0.31139466,-0.031942148,0.26336232
12.622,-0.58796406,1.382477,0.4992063,12.621,-0.3266663,-0.004453212,0.27496877
12.632,-0.624382,1.529196,0.35328794,12.631,-0.34987918,0.027922645,0.28535348
12.644,-0.6387396,1.6696699,0.15252876,12.644,-0.37309206,0.054189853,0.2957382
12.652,-0.67690563,1.73874,-0.08410168,12.651,-0.40852225,0.06335283,0.30490118
12.662,-0.72982883,1.7085378,-0.23490298,12.661,-0.44211984,0.054189853,0.31895107
12.672,-0.76201725,1.6217384,-0.24454999,12.671,-0.4744957,0.02731178,0.3342227
12.682,-0.77017975,1.5147775,-0.12589085,12.681,-0.5032064,-0.008729272,0.36110076
12.692,-0.7356024,1.4261141,-0.013584852,12.691,-0.5038172,-0.014227055,0.37698326
12.702,-0.6893244,1.3363149,4.892349E-4,12.701,-0.50809324,-0.0111727305,0.3959201
12.712,-0.61465454,1.268584,-0.07999706,12.711,-0.5007629,-0.004453212,0.4185221
12.722,-0.4129572,1.23227,-0.27416134,12.721,-0.47205225,-0.027055226,0.43929154
12.732,0.09042835,1.1752471,-0.721974,12.731,-0.400581,-0.10768944,0.44417843
12.742,0.9760103,0.61067045,-1.4810529,12.741,-0.31139466,-0.28300777,0.4118026
12.752,1.9961872,-0.41503662,-1.5301685,12.751,-0.17578259,-0.53468424,0.34888348
12.762,3.2143278,-1.1618395,-1.019834,12.761,-0.17578259,-0.74726534,0.24198204
12.772,4.0633698,-1.6822757,-0.58569205,12.771,0.08200255,-0.7973563,0.11308947
12.782,4.0667763,-1.909225,-0.21272099,12.781,0.052070152,-0.64341825,0.002522869
12.792,2.7622004,-1.6354961,-0.64691734,12.791,-0.09698097,-0.3856331,-0.083609134
12.802,1.9106131,-1.5200219,-0.9217869,12.801,-0.2832949,-0.1541152,-0.14469565
12.812,1.0417414,-1.5274174,-0.93513036,12.811,-0.4445633,-0.02522263,-0.16913027
12.822,0.19760036,-1.525856,-0.7053589,12.821,-0.5404691,0.007153228,-0.11415239
12.832,-0.426466,-1.512935,-0.16109657,12.831,-0.5911709,-0.017281383,-0.017635684
12.842,-0.8529253,-1.5902369,0.44540286,12.841,-0.5569625,-0.024000902,0.112478614
12.852,-1.0635595,-1.6179595,0.911186,12.851,-0.4604458,-0.023390036,0.25236675
12.862,-1.1133251,-1.6192129,1.246486,12.861,-0.314449,-0.028276958,0.39103317
12.872,-1.0580683,-1.5861218,1.3264579,12.871,-0.12935683,-0.02644436,0.5205366
12.882,-0.8948612,-1.4624088,1.0355121,12.881,0.058178805,-0.009340137,0.63110316
12.892,-0.7402258,-1.413648,0.5891607,12.891,0.20845164,0.042583413,0.7123483
12.902,-0.66335297,-1.4792938,-0.036666512,12.901,0.30741182,0.106724255,0.7642718
12.912,-0.6536999,-1.5822506,-0.609934,12.911,0.3465072,0.14643049,0.79176074
12.922,-0.5981741,-1.656103,-0.9949597,12.921,0.33184642,0.15131742,0.79237163
12.932,-0.43571472,-1.5692989,-1.0847955,12.931,0.28236634,0.14276531,0.75633055
12.942,-0.37415218,-1.4567701,-1.2620283,12.941,0.2108951,0.092063494,0.68058324
12.954,-0.3541298,-1.3185726,-1.347617,12.953,0.09666332,0.018148802,0.5852883
12.962,-0.31749535,-1.2229843,-1.2484488,12.961,-0.048722614,-0.08264396,0.4851064
12.972,-0.27821732,-1.1396325,-1.0332115,12.971,-0.28024054,-0.24024719,0.36415508
12.982,-0.19314957,-1.0244211,-0.7022721,12.981,-0.41524178,-0.32821178,0.32444885
12.992,0.071229935,-0.88763773,-0.2736088,12.991,-0.5074824,-0.38929832,0.3061229
13.002,0.47964096,-0.73754406,0.21898758,13.001,-0.5575733,-0.41739812,0.30245772
13.012,0.95162964,-0.64461344,0.7272949,13.011,-0.563682,-0.3789136,0.30490118
13.022,1.3192806,-0.66312623,1.2616315,13.021,-0.5380257,-0.27262306,0.31284243
13.032,1.5077696,-0.6672536,1.5168074,13.031,-0.4970977,-0.1137981,0.31589675
13.042,1.5172672,-0.69174415,1.4864264,13.041,-0.4531154,0.06579629,0.31406415
13.055,1.2839499,-0.8373985,1.2174381,13.054,-0.4146309,0.22401041,0.3042903
13.062,0.91483116,-1.0422046,0.7964642,13.061,-0.391418,0.33579874,0.28596434
13.072,0.41635132,-1.2608025,0.17002809,13.071,-0.3743138,0.40360478,0.26275146
13.082,-0.5807352,-1.58137,-0.08480775,13.081,-0.36881602,0.4310937,0.22915387
13.092,-1.0091848,-1.6753943,-0.24105334,13.091,-0.36270735,0.4225416,0.19494542
13.102,-1.3926516,-1.7304249,-0.368814,13.101,-0.35598785,0.38527882,0.1601261
13.112,-1.6571054,-1.6981366,-0.4249189,13.111,-0.32300112,0.27165788,0.12164159
13.122,-1.8633218,-1.6282761,-0.505581,13.121,-0.29062524,0.17147598,0.100872174
13.132,-1.9520011,-1.5595498,-0.5637573,13.131,-0.24603209,0.042583413,0.08254622
13.142,-1.8718724,-1.4302113,-0.48243403,13.141,-0.1983846,-0.10035905,0.07093978
13.152,-1.6323385,-1.2766296,-0.32279932,13.151,-0.15318057,-0.23536026,0.05383555
13.162,-1.2891569,-1.1231321,-0.08682191,13.161,-0.10675481,-0.34409428,0.03306613
13.172,-0.9257555,-1.0146707,0.14632511,13.171,-0.063994244,-0.42778283,-0.001142323
13.182,-0.50069237,-0.9239261,0.42614913,13.181,-0.02489887,-0.47604117,-0.03473991
13.192,-0.03521061,-0.8117274,0.62133336,13.191,0.005033528,-0.49192366,-0.07017009
13.202,0.39106655,-0.7076851,0.75327396,13.201,0.030079002,-0.472376,-0.10376768
13.212,0.7843971,-0.6529947,0.9614339,13.211,0.050848424,-0.43266973,-0.13431095
13.222,1.1078787,-0.54340184,1.0417718,13.221,0.088722065,-0.3685289,-0.16057815
13.232,1.3462391,-0.48464978,1.0904933,13.231,0.118043594,-0.2842295,-0.1844019
13.242,1.4888144,-0.49161643,1.1990865,13.241,0.14675426,-0.19015625,-0.20394959
13.252,1.5273762,-0.5058602,1.2705467,13.251,0.17851925,-0.08447656,-0.22960591
13.262,1.4579725,-0.5641873,1.2257594,13.261,0.2286102,0.073126666,-0.23815805
13.272,1.2402735,-0.60070497,1.1205366,13.271,0.26220778,0.16658905,-0.24182323
13.282,0.91333103,-0.53351545,0.9018104,13.281,0.3006923,0.23072991,-0.24854276
13.292,0.52451897,-0.39644772,0.6844553,13.291,0.32818124,0.26188403,-0.25770572
13.302,0.18345833,-0.23045796,0.5448617,13.301,0.3587245,0.25821885,-0.2668687
13.312,-0.08139801,-0.005296409,0.5191766,13.311,0.3849917,0.23867115,-0.28397292
13.322,-0.31665993,0.12894815,0.60441375,13.321,0.41797844,0.22095606,-0.30535322
13.332,-0.47313023,0.1891864,0.7461809,13.331,0.4485217,0.2044627,-0.32734436
13.342,-0.5936279,0.16520253,0.8689016,13.341,0.48395187,0.19896492,-0.34628117
13.352,-0.69126797,0.053174824,0.94756854,13.351,0.5157169,0.18919107,-0.35788763
13.363,-0.75271034,-0.20397833,1.0355109,13.363,0.5480928,0.18308243,-0.36094195
13.372,-0.6845617,-0.3236794,1.0704296,13.371,0.57802516,0.1745303,-0.35849848
13.382,-0.55517864,-0.41390327,0.9837322,13.381,0.601238,0.16475645,-0.35422242
13.392,-0.44980907,-0.50688976,0.9323305,13.391,0.6140662,0.14398703,-0.35055724
13.402,-0.29419518,-0.5704555,0.9218904,13.401,0.61040103,0.12871543,-0.35238984
13.412,-0.13863373,-0.62570196,0.8050977,13.411,0.60429233,0.118330695,-0.35972023
13.422,0.03373623,-0.7347969,0.8447411,13.421,0.5847447,0.11283291,-0.37010494
13.432,0.18237877,-0.8776319,0.9262005,13.431,0.57252735,0.113443784,-0.3829331
13.442,0.30522442,-0.98318475,0.9772645,13.441,0.5639753,0.13115886,-0.39942646
13.452,0.3954239,-1.0672262,0.9711504,13.451,0.5474819,0.16475645,-0.41164377
13.467,0.4004078,-1.1372502,0.9386165,13.461,0.53831893,0.20629531,-0.42263934
13.472,0.32630062,-1.210529,0.865988,13.471,0.5309885,0.25272107,-0.4336349
13.482,0.26267815,-1.2752227,0.7052822,13.481,0.52182555,0.29181644,-0.4336349
13.492,0.19007206,-1.3227112,0.41016483,13.491,0.51632774,0.32113796,-0.42813712
13.502,0.1281395,-1.3377005,0.025634289,13.501,0.50349957,0.3260249,-0.4128655
13.512,0.12029648,-1.2826208,-0.3417145,13.511,0.4802867,0.29792508,-0.39087436
13.522,0.18116856,-1.1910776,-0.55281746,13.521,0.4540195,0.22950819,-0.36582887
13.532,0.39824486,-1.0730414,-0.6859541,13.532,0.43019572,0.11405464,-0.32734436
13.542,0.7450142,-0.8651668,-0.7586398,13.541,0.42469794,0.041972548,-0.31390533
13.552,1.0662956,-0.64887846,-0.615847,13.551,0.428974,-0.018503115,-0.30840755
13.562,1.4061089,-0.52986723,-0.37505782,13.561,0.44913256,-0.047213778,-0.31390533
13.572,1.7042942,-0.4798333,-0.15614033,13.571,0.4870062,-0.040494263,-0.3194031
13.582,1.8874569,-0.48870862,-0.09943533,13.581,0.52732337,0.0065423623,-0.31512704
13.593,1.9320745,-0.5156169,-0.18311787,13.591,0.5627535,0.078624465,-0.2998554
13.602,1.8384113,-0.46620893,-0.3367144,13.601,0.58657724,0.16719991,-0.27786428
13.612,1.6160946,-0.44557396,-0.46586752,13.611,0.5951294,0.25944057,-0.25892746
13.622,1.3417397,-0.52690256,-0.45786953,13.621,0.61101186,0.34984863,-0.24304494
13.632,0.9852638,-0.66719586,-0.45066404,13.631,0.6391117,0.4310937,-0.22899505
13.642,0.098386765,-0.77639294,-0.8905777,13.641,0.66476804,0.49584544,-0.21983208
13.652,-0.5162544,-0.79284894,-1.2336615,13.651,0.6910352,0.529443,-0.21250169
13.662,-1.1256876,-0.73977476,-1.5837972,13.661,0.7124155,0.5239452,-0.20456044
13.672,-1.6880045,-0.6734336,-1.8110383,13.671,0.7234111,0.47813034,-0.18684535
13.682,-2.1151934,-0.6081164,-1.8643408,13.681,0.75212175,0.3400748,-0.14347392
13.692,-2.234735,-0.5048959,-1.7758254,13.691,0.782665,0.22095606,-0.10743287
13.702,-2.2015228,-0.38336292,-1.4893152,13.701,0.82970166,0.1024482,-0.07139182
13.712,-2.1000218,-0.22373399,-1.2313274,13.711,0.89750767,-0.015448786,-0.034129046
13.722,-1.8987479,-0.05721593,-1.0679939,13.721,0.9708115,-0.1223502,0.014740174
13.732,-1.5352054,0.073453724,-0.8289268,13.731,1.0416719,-0.22558644,0.06544199
13.742,-0.94777393,0.23642099,-0.39522564,13.741,1.1106997,-0.3141619,0.112478614
13.752,-0.29143047,0.3819483,-0.09319687,13.751,1.1943882,-0.3752484,0.13691323
13.762,0.42733765,0.47854894,0.21684933,13.761,1.2683029,-0.40090474,0.14729793
13.774,1.0814371,0.53217953,0.40470195,13.773,1.3269459,-0.37463754,0.14668706
13.782,1.6212196,0.59622073,0.5271387,13.781,1.3599327,-0.29766852,0.13691323
13.792,2.0297384,0.6392024,0.5419313,13.791,1.3703173,-0.17732808,0.1143112
13.802,2.1841078,0.607654,0.48644614,13.801,1.3678739,-0.029498689,0.08376795
13.812,2.0728874,0.58423036,0.23624682,13.811,1.3556566,0.19468886,0.015961904
13.822,1.6312475,0.5191484,-0.13963234,13.821,1.3318329,0.2997577,-0.020690009
13.832,0.9801502,0.3866347,-0.4781524,13.831,1.3196156,0.35656816,-0.036572505
13.842,0.34598446,0.29007995,-0.7054652,13.841,1.3159504,0.37122893,-0.03473991
13.852,-0.25409794,0.21254832,-0.8290806,13.851,1.3269459,0.35107037,-0.016413953
13.862,-0.7571602,0.14927429,-0.8689203,13.861,1.3458828,0.31319672,0.015961904
13.875,-1.1779327,0.1132108,-0.88503623,13.871,1.3654305,0.2643275,0.055668145
13.882,-1.5118885,0.07985926,-0.92460954,13.881,1.3953629,0.20629531,0.1057591
13.892,-1.7376685,0.04090345,-0.98516023,13.891,1.42163,0.14643049,0.1637913
13.903,-1.8384886,0.02011633,-1.0368226,13.901,1.4411777,0.08595484,0.22304523
13.912,-1.8049064,0.0053958893,-1.0992529,13.911,1.462558,0.017537937,0.27741224
13.922,-1.6955028,0.13501978,-1.2285709,13.921,1.4741645,-0.051489837,0.3256706
13.932,-1.1892691,0.20232594,-1.2262311,13.931,1.4778297,-0.11563069,0.36293337
13.942,-0.84478664,0.30612516,-1.215936,13.941,1.4704993,-0.16877596,0.39286578
13.952,-0.47080898,0.40808177,-1.1551462,13.951,1.4601146,-0.2420798,0.42096555
13.962,-0.046032906,0.60086596,-1.1069208,13.961,1.4314039,-0.28484035,0.42707422
13.972,0.36541653,0.82720745,-0.9450077,13.971,1.3984172,-0.3123293,0.42340901
13.982,0.8300142,1.0440197,-0.822818,13.981,1.3593218,-0.31721622,0.40874827
13.992,1.2441587,1.2427279,-0.7833598,13.991,1.3141178,-0.29094902,0.37881586
14.002,1.517458,1.3680248,-0.7313146,14.001,1.272579,-0.23963633,0.33727702
14.012,1.6453619,1.5239785,-0.80185765,14.011,1.2371488,-0.16999769,0.2865752
14.022,1.5367632,1.6475978,-1.0217397,14.021,1.1956099,-0.10219165,0.2322082
14.032,1.2728205,1.6880152,-1.1941718,14.031,1.149795,-0.046602912,0.17295428
14.042,0.91418743,1.6298991,-1.3476117,14.041,1.0935954,-0.0056749433,0.12591764
14.052,0.49147987,1.5476787,-1.3899165,14.051,1.0416719,0.012040146,0.09293093
14.062,0.09784889,1.4629239,-1.2964492,14.061,0.986694,0.013872743,0.067274585
14.072,-0.20340252,1.3745066,-1.0646628,14.071,0.94515514,0.0047097653,0.051392086
14.082,-0.34166145,1.2964929,-0.88063246,14.081,0.923164,-0.0050640777,0.04222911
14.092,-0.4797411,1.1230099,-0.6000158,14.091,0.9109467,-0.017892249,0.03306613
14.102,-0.5798321,0.9333643,-0.38823593,14.101,0.9268292,-0.056987625,0.034898728
14.112,-0.5640001,0.7622256,-0.108392596,14.111,0.94820946,-0.079589635,0.04345084
14.122,-0.5243044,0.61913896,0.15826571,14.121,0.98486143,-0.089974344,0.051392086
14.132,-0.48244858,0.53890157,0.3527975,14.131,1.0264002,-0.10585684,0.06299853
14.142,-0.4288416,0.50903594,0.4048382,14.141,1.0697716,-0.11746328,0.074604966
14.152,-0.35158253,0.47785342,0.46707273,14.151,1.1119214,-0.13151318,0.08743314
14.162,-0.24581051,0.44866633,0.45422077,14.161,1.1461298,-0.13945442,0.099039584
14.172,-0.108982086,0.41310346,0.6355518,14.171,1.1846143,-0.13395664,0.11308947
14.184,-8.2206726E-4,0.35718584,0.6047896,14.184,1.2072164,-0.11196549,0.13019371
14.192,0.082362175,0.32414317,0.6384095,14.191,1.2237097,-0.07409185,0.1497414
14.202,0.20411873,0.35191405,0.6205659,14.201,1.2230989,-0.014837921,0.1778412
14.212,0.33232307,0.5177368,0.52843225,14.211,1.2176011,0.056633316,0.2041084
14.222,0.28139877,0.61656713,0.42955232,14.221,1.2035512,0.12505022,0.22732128
14.232,0.20938778,0.717559,0.2905488,14.231,1.1864469,0.19285628,0.25419936
14.242,0.08296394,0.81871974,0.12401211,14.241,1.158958,0.26738182,0.27008185
14.252,-0.02412796,0.9397154,-0.06735623,14.251,1.1326908,0.2905947,0.28291002
14.262,-0.13584614,0.99577594,-0.18286538,14.261,1.1106997,0.3015903,0.2884078
14.272,-0.21284771,0.98205054,-0.2282669,14.271,1.0880976,0.29792508,0.29329473
14.286,-0.26838207,0.93370235,-0.24534196,14.281,1.0691608,0.29120559,0.29940337
14.292,-0.31336594,0.8238375,-0.20970309,14.291,1.0471697,0.27959913,0.30978808
14.302,-0.373024,0.6614444,-0.14764965,14.301,1.0251786,0.26677096,0.32322714
14.312,-0.3959217,0.43956923,-0.043581367,14.311,1.0019656,0.26066232,0.3415531
14.322,-0.42280293,0.24306607,0.0515635,14.321,0.98547226,0.26066232,0.36843115
14.332,-0.39861202,0.079640865,0.16147244,14.331,0.97203326,0.26310578,0.40141788
14.342,-0.3651352,-0.09495878,0.30225277,14.341,0.96287024,0.27104703,0.43379372
14.352,-0.3282776,-0.25902146,0.40162623,14.351,0.9634811,0.28448606,0.46922392
14.362,-0.3106041,-0.43534023,0.48263633,14.361,0.97203326,0.30892065,0.50770843
14.372,-0.27732086,-0.6005422,0.5422709,14.371,0.98730487,0.34068567,0.55596673
14.382,-0.2688713,-0.7095163,0.46790743,14.381,0.9964678,0.41093516,0.6402662
14.392,-0.2804308,-0.84091806,0.29317284,14.391,1.000133,0.4543066,0.70257443
14.402,-0.27591228,-0.947538,0.042322278,14.401,1.0025765,0.49706715,0.7624392
14.412,-0.3294983,-1.0279359,-0.26603985,14.411,0.9995222,0.53127563,0.822304
14.422,-0.4186344,-1.0141143,-0.68576986,14.421,0.9995222,0.5441038,0.88094705
14.432,-0.53162575,-0.9395883,-1.0634505,14.431,1.0080743,0.5349408,0.93714666
14.442,-0.64143276,-0.8193112,-1.3958546,14.441,1.0190699,0.49218023,0.9823507
14.452,-0.6969414,-0.6290528,-1.7350398,14.451,1.0306762,0.42987198,1.0214461
14.462,-0.5285177,-0.24715984,-2.0954711,14.461,1.0294546,0.34984863,1.0293874
14.472,-0.2339449,0.24387568,-2.5216064,14.471,1.0380067,0.22706473,0.98479414
14.482,0.20121479,0.5807196,-2.8958442,14.481,1.0441153,0.052357256,0.89499694
14.492,0.53722,0.52397275,-2.3943653,14.491,1.0508349,-0.10158078,0.7984803
14.502,0.625803,0.45072952,-1.8998219,14.501,1.0618304,-0.20115182,0.7080722
14.512,0.6335459,0.31528586,-1.4344869,14.511,1.0624413,-0.23841462,0.6219402
14.522,0.62784195,0.16056232,-1.112551,14.521,1.0416719,-0.16877596,0.5205366
14.532,0.56304646,0.0015381649,-0.791314,14.531,1.0239568,-0.09486127,0.47166738
14.542,0.5407047,-0.18539134,-0.49913085,14.541,1.0129611,-0.02522263,0.432572
14.552,0.58773327,-0.3163342,-0.2765087,14.551,1.0068525,0.0077640936,0.40569395
14.562,0.67227554,-0.527662,-0.033441663,14.561,1.0147938,-0.0075075403,0.38125932
14.572,0.78774166,-0.7477,0.33004737,14.571,1.0209024,-0.06431801,0.36171165
14.582,0.86591816,-0.95139736,0.8078784,14.581,1.0257894,-0.11501982,0.34644002
14.594,0.80663204,-1.0134751,1.229637,14.594,1.023346,-0.13151318,0.35071605
14.602,0.6808615,-0.9015598,1.5341421,14.601,1.0099069,-0.108300306,0.37759414
14.612,0.56931496,-0.64821815,1.6135932,14.611,0.9940244,-0.054544162,0.41119173
14.622,0.4455328,-0.3048004,1.4032898,14.621,0.98608315,-0.009950999,0.44906536
14.632,0.26834106,0.0059816986,1.0936599,14.631,0.9891375,0.0022663027,0.47716516
14.642,0.14854431,0.21287,0.84434426,14.641,0.9940244,-0.022168305,0.50343233
14.652,0.088272095,0.4372005,0.77823114,14.651,1.0141829,-0.066150606,0.5138171
14.662,-0.017900467,0.3737445,0.7949475,14.661,1.0306762,-0.11746328,0.5199257
14.672,0.19570732,0.39512748,0.90511584,14.671,1.0312872,-0.12845886,0.5345865
14.682,0.43155956,0.43925476,1.1775235,14.681,1.0111287,-0.100969926,0.5394734
14.696,0.6604519,0.537683,1.8109828,14.691,1.0013548,-0.028276958,0.532143
14.702,0.851243,0.64369214,1.8584044,14.701,0.96714634,0.05052466,0.5113736
14.712,0.9022045,0.67892516,1.7881478,14.711,0.91766626,0.13360232,0.49182594
14.722,0.81681347,0.67468905,1.6171569,14.721,0.85596883,0.2136257,0.47227824
14.732,0.605566,0.6455653,1.3227859,14.731,0.7961041,0.2820426,0.45334142
14.742,0.2955284,0.61337155,0.95451665,14.741,0.73501754,0.31808364,0.44295672
14.752,-0.0480299,0.59295744,0.6694629,14.751,0.6885918,0.31625104,0.4362372
14.762,-0.32392883,0.58634794,0.5103667,14.761,0.6598811,0.2838752,0.432572
14.772,-0.63768387,0.6014573,0.3919102,14.771,0.63117045,0.22828645,0.42463076
14.782,-0.70824814,0.5837088,0.36967266,14.781,0.6213966,0.17330858,0.41058084
14.792,-0.7236481,0.52568597,0.3598603,14.791,0.61345536,0.11283291,0.38797885
14.802,-0.73522186,0.41920245,0.40452313,14.801,0.60429233,0.0621311,0.36720943
14.812,-0.68570995,0.2847665,0.43758547,14.811,0.5981837,-0.0020097494,0.33849877
14.822,-0.6020603,0.15396923,0.4904765,14.821,0.59390765,-0.031331282,0.31956193
14.832,-0.51403236,0.015672207,0.5158043,14.831,0.59390765,-0.0539333,0.30673376
14.842,-0.4455557,-0.13218522,0.53036475,14.841,0.596962,-0.07714618,0.2969599
14.852,-0.35099888,-0.24812806,0.4917612,14.851,0.60795754,-0.09486127,0.2969599
14.862,-0.25183773,-0.35394,0.451486,14.861,0.61345536,-0.11196549,0.30673376
14.872,-0.11439133,-0.42804396,0.462579,14.871,0.6220074,-0.12173934,0.31895107
14.882,0.05192089,-0.4384312,0.4570155,14.881,0.6262835,-0.12112847,0.32872492
14.892,0.20882702,-0.4020111,0.4968325,14.891,0.62811613,-0.11929588,0.33849877
14.903,0.33375645,-0.29456866,0.57826805,14.902,0.6299487,-0.10524598,0.3427748
14.912,0.4662981,-0.12455577,0.64934134,14.911,0.6299487,-0.08569829,0.3446074
14.922,0.559803,0.039225817,0.73649466,14.921,0.6220074,-0.055765893,0.33361185
14.932,0.6263256,0.18172377,0.7922019,14.931,0.6189531,-0.017892249,0.3134533
14.942,0.64435863,0.25558424,0.8134773,14.941,0.6171205,0.026700914,0.2902404
14.952,0.6143904,0.26625353,0.79913485,14.951,0.60917926,0.11038945,0.24625811
14.962,0.52274704,0.26148182,0.73831975,14.961,0.601238,0.16048041,0.21327138
14.972,0.39337635,0.25230825,0.6312542,14.971,0.59207505,0.20690617,0.18028466
14.982,0.19245243,0.22842443,0.50753057,14.981,0.57558167,0.2380603,0.15096313
14.992,-0.028717041,0.1842401,0.3874632,14.991,0.55908835,0.25638625,0.124085054
15.005,-0.24535084,0.14946902,0.2919711,15.004,0.5523688,0.25821885,0.09598525
15.012,-0.5066309,0.054354668,0.12259078,15.011,0.5419841,0.24477983,0.07521583
15.022,-0.71241856,-0.05317372,0.017804265,15.021,0.53831893,0.2117931,0.055668145
15.032,-0.8918276,-0.19513124,-0.124495864,15.031,0.53221023,0.1659782,0.04039651
15.042,-1.0246363,-0.3715554,-0.18774104,15.041,0.53587544,0.103669934,0.028790073
15.052,-1.0691023,-0.5323027,-0.18814325,15.051,0.54076236,0.03464216,0.015351038
15.062,-1.0002079,-0.73320615,-0.18126631,15.061,0.55175793,-0.041715994,0.002522869
15.072,-0.8717842,-0.7457719,-0.09675741,15.071,0.56031007,-0.11624155,-0.013970494
15.082,-0.6477728,-0.72934455,0.098240495,15.081,0.5645861,-0.18526933,-0.032907315
15.092,-0.4344139,-0.7344731,0.25212097,15.091,0.5615318,-0.2347494,-0.06894836
15.102,-0.25822544,-0.7294863,0.39309633,15.101,0.55664486,-0.2420798,-0.0860526
15.112,-0.08897114,-0.6644076,0.5147326,15.111,0.55847746,-0.23413855,-0.10315682
15.122,0.031656265,-0.5927236,0.5821352,15.121,0.565197,-0.20970392,-0.122704506
15.132,0.109705925,-0.55945706,0.6119344,15.131,0.57069474,-0.18465847,-0.138587
15.142,0.12120342,-0.5443232,0.58269787,15.141,0.57313824,-0.15839125,-0.15446949
15.152,0.067196846,-0.5375339,0.57548225,15.151,0.57680345,-0.1400653,-0.1666868
15.162,0.023176193,-0.49063396,0.6164899,15.161,0.5676404,-0.11990674,-0.1752389
15.172,-0.05273533,-0.44322014,0.6194023,15.171,0.556034,-0.0979156,-0.18501276
15.182,-0.16428089,-0.36544156,0.61130583,15.181,0.5401515,-0.08264396,-0.19356488
15.192,-0.2829113,-0.29953033,0.64333963,15.191,0.5157169,-0.076535314,-0.20578218
15.202,-0.37169456,-0.24332595,0.6876036,15.201,0.49800178,-0.08081137,-0.22166467
15.212,-0.44157696,-0.21471244,0.70558083,15.211,0.47906494,-0.096083,-0.23815805
15.222,-0.46874428,-0.23309273,0.74217546,15.221,0.46134987,-0.11807415,-0.2546514
15.232,-0.431715,-0.28986353,0.79546213,15.231,0.4393587,-0.14678481,-0.27480996
15.242,-0.32184792,-0.32334346,0.7673867,15.241,0.43202832,-0.1626673,-0.2845838
15.252,-0.17628288,-0.34473374,0.6140572,15.251,0.4185893,-0.17671722,-0.28641638
15.262,0.006187439,-0.41957974,0.50427794,15.261,0.40148506,-0.18710193,-0.28580552
15.272,0.22062111,-0.5320403,0.29672384,15.271,0.37705046,-0.20420614,-0.27175564
15.282,0.45362854,-0.5461527,-0.038207293,15.281,0.35017237,-0.23230594,-0.23754716
15.292,0.79094315,-0.3085466,-0.4607401,15.291,0.29824883,-0.27934256,-0.1825693
15.302,1.0769005,0.009209722,-0.6995877,15.301,0.23044279,-0.3312661,-0.10376768
15.314,1.4154177,0.32138094,-0.5154922,15.313,0.16569108,-0.3611985,-0.027409527
15.322,1.8037434,0.6186857,0.027576804,15.321,0.12537397,-0.322714,0.021459691
15.332,2.066493,0.7037196,0.92583835,15.331,0.14919771,-0.18893452,0.039174784
15.342,1.8431692,0.8954978,1.3832527,15.341,0.21883635,0.015094474,0.023292286
15.352,1.3107958,0.87010413,1.0580539,15.351,0.27381423,0.21484742,-0.013359629
15.362,0.6562443,0.8140043,0.5434842,15.361,0.30680096,0.35351384,-0.058563653
15.372,0.12832642,0.7586746,0.15056348,15.371,0.30008143,0.41215688,-0.121482775
15.382,-0.32960033,0.6935408,-0.1584177,15.381,0.2780903,0.38100275,-0.1752389
15.392,-0.57951736,0.5841034,-0.4438306,15.391,0.25182307,0.30586633,-0.22960591
15.402,-0.63644123,0.47495532,-0.73014903,15.401,0.22311242,0.19652146,-0.2900816
15.416,-0.5632372,0.4080726,-0.96034116,15.411,0.18584964,0.06335283,-0.35972023
15.422,-0.46280193,0.30839697,-1.0807784,15.421,0.1528629,-0.073480986,-0.42386106
15.432,-0.33107853,0.24707857,-1.0129133,15.432,0.12415225,-0.18893452,-0.47028682
15.442,-0.13446236,0.16592851,-0.8342992,15.441,0.10521543,-0.2628492,-0.49472144
15.452,0.09666157,0.1410732,-0.5593933,15.451,0.09544159,-0.2872838,-0.5002192
15.462,0.35515785,0.22309534,-0.2174772,15.461,0.10704803,-0.25612968,-0.48739102
15.472,0.55657387,0.3636676,0.13072419,15.471,0.14125647,-0.19198884,-0.47150856
15.482,0.71217537,0.4545856,0.4282658,15.481,0.18340617,-0.095472135,-0.44829568
15.492,0.81011677,0.5803107,0.6047666,15.491,0.24449271,0.015094474,-0.41775241
15.502,0.8371811,0.7031296,0.66989017,15.501,0.3129096,0.12688282,-0.3865983
15.512,0.79288673,0.8607441,0.5733094,15.511,0.40148506,0.2747122,-0.3456703
15.522,0.7103157,0.99277425,0.39006257,15.521,0.4540195,0.34251824,-0.3352856
15.532,0.60271454,1.0688466,0.16127396,15.531,0.48822793,0.3926092,-0.3352856
15.542,0.46602917,1.1476933,-0.07919097,15.541,0.5144952,0.42131987,-0.34017253
15.552,0.32005024,1.1834011,-0.3413576,15.551,0.5315994,0.4225416,-0.35238984
15.562,0.19673729,1.1616566,-0.52158177,15.561,0.54259497,0.40543738,-0.36460713
15.572,0.05645466,1.125407,-0.6754302,15.571,0.5456493,0.37978104,-0.37682444
15.582,-0.11914253,1.059545,-0.82311106,15.581,0.5352646,0.3449617,-0.38171136
15.592,-0.28551388,0.94730246,-0.74603045,15.591,0.52732337,0.32174882,-0.37438098
15.602,-0.43913078,0.8091736,-0.6671525,15.601,0.51877123,0.29914683,-0.36094195
15.612,-0.56440735,0.6950366,-0.56914854,15.611,0.5175495,0.27715567,-0.3371182
15.622,-0.68504333,0.60270524,-0.46540844,15.621,0.52243644,0.2661601,-0.31024012
15.632,-0.72678757,0.56022483,-0.41753387,15.631,0.524269,0.2588297,-0.27725342
15.642,-0.7173939,0.5640005,-0.3773508,15.641,0.5261016,0.25333193,-0.23999062
15.652,-0.75477314,0.56576926,-0.2982012,15.651,0.533432,0.2557754,-0.1966192
15.662,-0.7789736,0.5714053,-0.30620682,15.661,0.5487036,0.27776653,-0.12698056
15.672,-0.7218571,0.5931959,-0.45048785,15.671,0.5578666,0.2924273,-0.07994394
15.682,-0.6902933,0.60005677,-0.620263,15.681,0.5676404,0.28998384,-0.042070296
15.692,-0.669034,0.526922,-0.75664806,15.691,0.57374907,0.2747122,-0.010916166
15.702,-0.6450205,0.46313012,-0.8542975,15.701,0.57558167,0.25333193,0.014129308
15.712,-0.6317396,0.40615618,-0.8807844,15.711,0.57680345,0.21729088,0.036120456
15.725,-0.60056686,0.38931465,-0.8715719,15.724,0.57558167,0.17575204,0.05383555
15.732,-0.5669699,0.38873804,-0.82354856,15.731,0.5682513,0.13299146,0.07277237
15.742,-0.53434753,0.40093696,-0.7424083,15.741,0.55297965,0.09878301,0.088044
15.752,-0.48077202,0.39499474,-0.61193144,15.751,0.53404284,0.07740273,0.105148226
15.762,-0.51255417,0.37074268,-0.5586965,15.761,0.52121466,0.06579629,0.12041986
15.772,-0.4813757,0.38549566,-0.55581903,15.771,0.5120517,0.04930293,0.13630235
15.782,-0.44003677,0.4096073,-0.5681447,15.781,0.4986126,0.029144377,0.15462832
15.792,-0.33608627,0.46928346,-0.5994328,15.791,0.48944965,-0.0013988838,0.1760086
15.802,-0.22188663,0.56690526,-0.6432034,15.801,0.46868023,-0.022168305,0.18211725
15.812,-0.09974003,0.62269723,-0.64313686,15.811,0.45646295,-0.04232686,0.18272813
15.822,0.025920868,0.71803546,-0.57202375,15.821,0.4375261,-0.047824644,0.18211725
15.832,0.15194511,0.8075229,-0.49826372,15.831,0.42591968,-0.04110513,0.17417601
15.842,0.2558422,0.8401114,-0.38133883,15.841,0.41614583,-0.018503115,0.1674565
15.852,0.29337406,0.863245,-0.31946075,15.851,0.41064805,0.0028771684,0.15829352
15.862,0.27643013,0.79584825,-0.2502178,15.861,0.40698284,0.022424862,0.14851967
15.872,0.22039795,0.7003125,-0.18608212,15.871,0.41370237,0.033420436,0.14302188
15.882,0.15260029,0.57837105,-0.13359737,15.881,0.42408708,0.038307354,0.13874581
15.892,0.078775406,0.47554016,-0.061736822,15.891,0.43569353,0.030976973,0.13324803
15.903,0.004817009,0.35944796,-0.002376318,15.902,0.45157602,0.019370534,0.12713937
15.912,-0.21901226,0.20219958,0.18934822,15.911,0.4729563,0.0047097653,0.13019371
15.922,-0.27699852,0.14963555,0.32107663,15.921,0.4973909,-0.023390036,0.1320263
15.932,-0.28397083,0.08109951,0.41501307,15.931,0.524269,-0.045381185,0.13874581
15.942,-0.28809834,0.0064042807,0.5645566,15.941,0.5633644,-0.076535314,0.15157399
15.952,-0.26712036,-0.03995323,0.67917943,15.951,0.5847447,-0.08081137,0.16073698
15.962,-0.2508917,-0.07346535,0.82915664,15.961,0.6049032,-0.08081137,0.17112169
15.972,-0.2067833,-0.07299006,0.9761107,15.971,0.6262835,-0.06920493,0.1778412
15.982,-0.20293522,-0.05092442,1.0827236,15.981,0.6543833,-0.06004195,0.18272813
15.992,-0.25856972,-0.058581352,1.1336308,15.991,0.68065053,-0.05271157,0.18822591
16.002,-0.31288433,-0.06903374,1.1548138,16.001,0.7111938,-0.055155028,0.20105408
16.012,-0.3489666,-0.05675435,1.2063639,16.011,0.73685014,-0.049046375,0.21754743
16.022,-0.34159946,0.019146562,1.1705155,16.021,0.7631173,-0.033774745,0.23709513
16.032,-0.3098526,0.13304949,1.051899,16.031,0.7820541,-0.012394462,0.2529776
16.042,-0.33535576,0.30934823,0.87891364,16.041,0.78877366,0.0059314966,0.27374703
16.052,-0.40967464,0.47997963,0.76319575,16.051,0.78816277,0.021813996,0.2865752
16.062,-0.49225807,0.643957,0.7101555,16.061,0.7814433,0.030976973,0.30123597
16.072,-0.57591724,0.75750947,0.6895664,16.071,0.7667825,0.040750816,0.32078367
16.082,-0.6772814,0.8249471,0.7028775,16.081,0.7411262,0.056022443,0.34949434
16.092,-0.761776,0.8465581,0.68302035,16.091,0.71852416,0.05907678,0.3678203
16.102,-0.80913925,0.84623134,0.70109344,16.101,0.69592214,0.056022443,0.3855354
16.112,-0.875618,0.83057606,0.71485186,16.111,0.6690441,0.055411585,0.40752652
16.122,-0.9074726,0.8716136,0.705678,16.121,0.6385008,0.048692062,0.43135026
16.135,-0.9237385,0.9841549,0.7524345,16.134,0.6049032,0.040750816,0.4502871
16.142,-0.933959,1.1285865,0.74012446,16.141,0.5658078,0.03280957,0.46983477
16.152,-0.9128609,1.2772193,0.7501564,16.151,0.5279342,0.024257451,0.48144123
16.162,-0.8855095,1.3701184,0.77146554,16.161,0.4906714,0.018759668,0.49182594
16.172,-0.80881405,1.417943,0.79213905,16.171,0.460739,0.014483608,0.5022106
16.182,-0.7031059,1.4383355,0.7751007,16.181,0.4308066,0.013261877,0.50526494
16.192,-0.39352608,1.5735428,0.86011934,16.191,0.40331766,0.016316205,0.5064867
16.202,-0.24743366,1.5662259,0.9160404,16.201,0.3727744,0.02731178,0.5022106
16.212,-0.057621002,1.5985887,0.9626429,16.211,0.33612248,0.045637734,0.49549112
16.222,0.038801193,1.5251861,1.020107,16.221,0.2921402,0.09084176,0.48021948
16.233,0.12543678,1.4923354,0.92572093,16.231,0.26465124,0.13360232,0.47166738
16.242,0.2533884,1.4672825,0.63256645,16.241,0.24449271,0.17514116,0.46311527
16.252,0.51261044,1.5362426,0.02409339,16.251,0.24449271,0.18980193,0.45639575
16.262,1.0424023,1.5111597,-0.92362297,16.261,0.26159692,0.14276531,0.44051325
16.272,1.7433529,1.0495731,-1.6748036,16.271,0.30557922,-0.0068966746,0.3940875
16.282,2.3029642,0.44144,-1.4644449,16.281,0.3923221,-0.24330151,0.3201728
16.292,2.8497095,0.23156095,-1.1193701,16.291,0.49311486,-0.4528283,0.21632572
16.302,3.2947454,0.14964342,-1.0668977,16.301,0.50227785,-0.54201466,0.10331564
16.312,3.3624535,0.05578357,-0.9634155,16.311,0.40209594,-0.46565646,0.015351038
16.322,2.9833927,0.09769642,-1.0602965,16.321,0.22250155,-0.27812085,-0.0384051
16.332,2.413993,0.19360328,-1.1294792,16.331,0.034965925,-0.102802515,-0.072002694
16.343,1.6626368,0.1491288,-1.0122728,16.341,-0.117750384,0.020592265,-0.07750048
16.352,0.80028534,-0.07473993,-0.6796504,16.351,-0.21060191,0.10977859,-0.04145943
16.362,-0.08677292,-0.48688045,-0.3116572,16.361,-0.23870172,0.23561683,0.09965044
16.372,-0.9158745,-0.94786215,0.047176838,16.371,-0.14035241,0.29364905,0.23526253
16.382,-1.5189943,-1.3519645,0.30744624,16.381,0.012974776,0.311975,0.3867571
16.392,-1.9005475,-1.6574142,0.30166817,16.391,0.19806693,0.28937298,0.5333647
16.402,-2.010705,-1.7688415,0.15272045,16.401,0.3904895,0.2380603,0.659203
16.412,-1.8997641,-1.7268633,-0.24101138,16.411,0.5474819,0.17575204,0.75510883
16.422,-1.5666614,-1.51543,-0.7270646,16.421,0.64155513,0.09695042,0.8174171
16.432,-1.0977554,-1.2267224,-1.2139299,16.431,0.6708767,0.0047097653,0.84490603
16.442,-0.45167065,-0.9701924,-1.3288176,16.441,0.65193987,-0.06737233,0.82719094
16.452,0.13690948,-0.8305656,-1.1062708,16.451,0.6006272,-0.0979156,0.7728239
16.462,0.49778175,-0.8789465,-0.76996624,16.461,0.5303777,-0.08753089,0.6928006
16.472,0.76908684,-1.2464217,-0.4735428,16.471,0.44241303,-0.051489837,0.609112
16.482,0.8060427,-1.338888,-0.4345219,16.481,0.35933536,-0.004453212,0.52786696
16.492,0.7748985,-1.3209519,-0.47672546,16.491,0.29336193,0.04319428,0.4576175
16.502,0.71837234,-1.2279897,-0.45150983,16.501,0.25793174,0.07557013,0.4026396
16.512,0.62803555,-1.060397,-0.3421712,16.511,0.25365567,0.1061134,0.3604899
16.522,0.5156746,-0.7815294,-0.2617253,16.521,0.265873,0.12443935,0.3592682
16.532,0.35373306,-0.5210516,-0.19338465,16.531,0.27503595,0.14093271,0.3604899
16.542,0.3166399,-0.3636448,-0.17265725,16.541,0.279312,0.14032185,0.37515068
16.552,0.3923254,-0.22890405,-0.19069386,16.552,0.27259248,0.139711,0.39530924
16.562,0.45651054,-0.15257102,-0.11427355,16.561,0.24876875,0.14398703,0.4136352
16.572,0.5060978,-0.10836159,-0.025687695,16.571,0.20967337,0.17391944,0.432572
16.582,0.53561497,-0.12627631,0.013073206,16.581,0.1583607,0.22767559,0.44295672
16.592,0.5130081,-0.1625348,0.060847282,16.591,0.099106774,0.2942599,0.44417843
16.602,0.4157753,-0.27906302,0.011438131,16.601,0.04351804,0.3718398,0.43318287
16.612,0.20407772,-0.37419897,-0.22702599,16.611,0.0074769887,0.43781322,0.41119173
16.622,-0.12538338,-0.48162353,-0.5141052,16.621,-0.02245541,0.46591306,0.38614625
16.632,-0.42400455,-0.55680645,-0.7450057,16.631,-0.04994434,0.4530849,0.3623225
16.642,-0.7156658,-0.62984395,-0.90128803,16.641,-0.06888117,0.40055045,0.3256706
16.655,-0.9819069,-0.69978845,-0.94430256,16.654,-0.07071376,0.26127318,0.31039897
16.662,-1.0961046,-0.6889835,-0.85058177,16.661,-0.06643771,0.16048041,0.2957382
16.672,-1.0592651,-0.61958677,-0.7528572,16.671,-0.06582684,0.068239756,0.2780231
16.682,-0.95725155,-0.6375035,-0.6563525,16.682,-0.06277251,-0.009340137,0.25358847
16.692,-0.8325672,-0.6855653,-0.50009763,16.691,-0.05666386,-0.066150606,0.23098648
16.702,-0.7037401,-0.7792884,-0.3712132,16.701,-0.04933348,-0.0979156,0.20838445
16.712,-0.5333662,-0.89200586,-0.22925949,16.711,-0.03894877,-0.11807415,0.18456072
16.722,-0.4145069,-0.9747139,-0.17454958,16.721,-0.02245541,-0.12479366,0.16806735
16.732,-0.3184166,-1.0061232,-0.14979196,16.731,-0.005962047,-0.13090232,0.15157399
16.742,-0.23792076,-0.9851795,-0.104763985,16.741,0.0056443927,-0.13517837,0.13263717
16.752,-0.18411827,-0.87149096,-0.08496761,16.751,0.017861698,-0.1522826,0.11492208
16.762,0.006934166,-0.7253961,-0.04963875,16.761,0.027024677,-0.16999769,0.09659612
16.772,0.064816475,-0.58337384,-0.07134724,16.771,0.030079002,-0.17732808,0.07338324
16.782,0.1281786,-0.42609686,-0.10890508,16.781,0.023970349,-0.18465847,0.039174784
16.792,0.17594528,-0.24993658,-0.10523224,16.791,0.011753045,-0.18465847,0.02023796
16.802,0.2500267,-0.11998922,-0.023476362,16.801,0.0038117976,-0.17366289,-0.0035857838
16.812,0.29694366,-0.03477961,0.011443853,16.811,-0.005962047,-0.14800654,-0.026187796
16.822,0.23880577,0.017781794,0.013032913,16.821,-0.01695762,-0.12540454,-0.05001154
16.832,0.15107155,-0.0014823675,0.027893305,16.831,-0.032229252,-0.100969926,-0.07383528
16.842,0.05396366,-0.03612697,-0.008000612,16.841,-0.047500882,-0.08264396,-0.09765904
16.852,-0.052754402,-0.06650394,-0.065891266,16.851,-0.07193549,-0.076535314,-0.12026104
16.862,-0.1677723,-0.058413625,-0.062056065,16.861,-0.10370048,-0.077757046,-0.13736527
16.872,-0.24716663,-0.017940998,-0.058495283,16.871,-0.14096327,-0.08692002,-0.15080431
16.882,-0.29722118,0.054781377,-0.0072193146,16.881,-0.17761518,-0.111354634,-0.16363247
16.892,-0.2688656,0.13100886,0.17446446,16.891,-0.21304537,-0.14189789,-0.17646064
16.902,-0.23661232,0.18154812,0.40714073,16.901,-0.24542123,-0.16449991,-0.19234315
16.912,-0.15915203,0.29431996,0.5618975,16.911,-0.2722993,-0.17916067,-0.2088365
16.922,-0.15700436,0.34234014,0.6656978,16.921,-0.30162084,-0.17793894,-0.22655159
16.932,-0.12929153,0.38362083,0.7658942,16.931,-0.3407162,-0.15900213,-0.25159708
16.942,-0.087898254,0.39565498,0.7795546,16.941,-0.36942688,-0.13701096,-0.27114475
16.952,-0.03522396,0.36561874,0.81218433,16.951,-0.39691582,-0.11746328,-0.288249
16.964,-0.024056435,0.25756463,0.89062357,16.964,-0.41707435,-0.10463511,-0.30657494
16.972,-0.010135651,0.09768152,0.99227405,16.971,-0.4360112,-0.09302867,-0.32612264
16.982,0.013848305,-0.09132308,1.0391133,16.981,-0.45739147,-0.079589635,-0.33833992
16.992,-0.004681587,-0.2598992,1.1122117,16.991,-0.47632828,-0.06431801,-0.34872463
17.002,0.016866684,-0.37255263,1.1184566,17.001,-0.5019846,-0.050268106,-0.35361156
17.012,0.025735855,-0.41899496,1.1071784,17.011,-0.52703005,-0.037439935,-0.3633854
17.022,0.039785385,-0.40780133,1.1039083,17.021,-0.5551299,-0.027666092,-0.37621358
17.032,0.09258366,-0.41177845,1.1632495,17.031,-0.58261883,-0.013005327,-0.39637214
17.042,0.19891739,-0.44326487,1.3753526,17.041,-0.6039991,0.017537937,-0.42080674
17.052,0.2092228,-0.56366146,1.4358249,17.051,-0.6143838,0.05052466,-0.4501283
17.067,0.19183731,-0.6850839,1.4665587,17.061,-0.6125512,0.08534398,-0.47334114
17.072,0.13650322,-0.7690789,1.4759471,17.071,-0.6082752,0.14581963,-0.50816053
17.082,0.037999153,-0.88076925,1.4151556,17.081,-0.5917818,0.18124983,-0.52465385
17.092,-0.028466225,-0.97890556,1.2925434,17.091,-0.57834274,0.20873877,-0.5356494
17.102,-0.14799309,-1.1261411,1.1435835,17.101,-0.5612385,0.23134077,-0.5393146
17.112,-0.19157696,-1.2351847,0.927619,17.111,-0.54535604,0.24416894,-0.53870374
17.122,-0.24360657,-1.3201851,0.80056334,17.121,-0.53313875,0.24050376,-0.54297984
17.132,-0.28626442,-1.3938334,0.7195611,17.131,-0.52397573,0.22401041,-0.5503102
17.142,-0.32597637,-1.5061487,0.7353885,17.141,-0.5166454,0.18858021,-0.5643601
17.152,-0.3341446,-1.6293633,0.6485338,17.151,-0.5032064,0.14948484,-0.57779914
17.162,-0.26076603,-1.6860236,0.46836925,17.161,-0.4903782,0.104891665,-0.5802426
17.172,-0.093055725,-1.7296877,0.17589808,17.171,-0.47755003,0.055411585,-0.57596654
17.182,0.1799326,-1.7766701,-0.27527022,17.181,-0.45800233,-0.02277917,-0.5551971
17.192,0.5010376,-1.7222803,-0.7439548,17.191,-0.44150898,-0.12723713,-0.51060396
17.202,0.93939114,-1.3938324,-1.0264596,17.201,-0.4372329,-0.24452326,-0.43302405
17.212,1.5230999,-0.8879597,-0.8993983,17.211,-0.4250156,-0.4015156,-0.2931359
17.222,2.1943378,-0.46150345,-0.37697768,17.221,-0.38775283,-0.40579167,-0.21005823
17.232,2.7308502,-0.19922113,0.30253124,17.231,-0.3199468,-0.27812085,-0.15202603
17.242,2.931818,-0.119085535,0.8601327,17.241,-0.23809084,-0.04477032,-0.13553268
17.252,2.7151108,-0.14658289,0.9834764,17.251,-0.16600874,0.22095606,-0.15508036
17.262,2.03724,-0.25484574,0.5541346,17.261,-0.13118942,0.4188764,-0.20456044
17.273,1.1606274,-0.35260814,0.0031368732,17.272,-0.13607635,0.5227235,-0.26931217
17.282,0.37214184,-0.3061299,-0.4864304,17.281,-0.17639345,0.5526559,-0.34872463
17.292,-0.30538464,-0.22485825,-0.814201,17.291,-0.228317,0.5367734,-0.4391327
17.302,-0.86000633,-0.16077363,-1.1466228,17.301,-0.28573835,0.47446513,-0.52648646
17.312,-1.4223299,-0.23766895,-1.427389,17.311,-0.3303315,0.36206594,-0.5924599
17.322,-1.7631097,-0.018967737,-2.1157513,17.321,-0.36881602,0.19774318,-0.63766396
17.332,-1.5882664,0.07115385,-2.086241,17.331,-0.39997014,0.014483608,-0.6572116
17.342,-1.1577072,0.18224575,-1.6000419,17.341,-0.42379388,-0.14800654,-0.6523247
17.352,-0.6725197,0.38106534,-1.0909895,17.351,-0.41157657,-0.23780373,-0.61689454
17.362,-0.29184532,0.60847473,-0.6737797,17.361,-0.37309206,-0.23841462,-0.57413393
17.375,-0.0500288,0.79199797,-0.2830994,17.374,-0.34132707,-0.17671722,-0.52282125
17.382,0.12963772,0.9468436,-0.017843485,17.381,-0.3003991,-0.09913732,-0.46662164
17.392,0.2616129,1.0324463,0.08881211,17.391,-0.26619065,-0.0068966746,-0.40797856
17.402,0.35991955,1.033407,0.13615227,17.401,-0.23870172,0.080457054,-0.3548333
17.412,0.44117928,1.043848,0.07822394,17.411,-0.22159748,0.16353473,-0.3163488
17.422,0.4908476,1.0243872,0.053670406,17.421,-0.2124345,0.2398929,-0.29496852
17.432,0.47355747,1.0176277,-0.020708323,17.431,-0.2038824,0.28631866,-0.2913033
17.442,0.3865757,0.9704443,-0.117044926,17.441,-0.20143893,0.31808364,-0.29557937
17.452,0.3322878,0.91939306,-0.13959813,17.451,-0.19777374,0.32358143,-0.30657494
17.462,0.24809074,0.82813656,-0.05217266,17.461,-0.18128037,0.311975,-0.32245743
17.472,0.185462,0.7405329,0.032832384,17.471,-0.1544023,0.2960925,-0.34139428
17.482,0.12004566,0.6264131,0.077237606,17.481,-0.11652865,0.27043617,-0.35422242
17.492,0.052788734,0.54218906,0.15252352,17.491,-0.059107322,0.23256251,-0.35727677
17.502,0.029644012,0.49949735,0.20202112,17.501,0.0319116,0.21545827,-0.3548333
17.512,-9.3364716E-4,0.44353026,0.24595022,17.511,0.0899438,0.19835407,-0.3456703
17.522,-0.044872284,0.36854655,0.27084208,17.521,0.147976,0.1855259,-0.333453
17.532,-0.0722208,0.30343258,0.27533484,17.531,0.202343,0.17575204,-0.32062483
17.542,-0.12827873,0.28451747,0.29211736,17.541,0.24510357,0.1745303,-0.30474234
17.552,-0.22970104,0.29558957,0.19853759,17.551,0.27992287,0.18002811,-0.28397292
17.562,-0.4112606,0.32345074,0.101257324,17.561,0.30863354,0.18430415,-0.2632035
17.572,-0.61930084,0.38500792,-0.005043268,17.571,0.32695952,0.18124983,-0.24304494
17.582,-0.86261845,0.39067423,-0.12986922,17.581,0.34711805,0.16536734,-0.21983208
17.592,-1.0460262,0.3718065,-0.26662922,17.591,0.37338525,0.130548,-0.18989968
17.602,-1.1628447,0.45103753,-0.44504,17.601,0.39781988,0.08228966,-0.15569122
17.612,-1.1961393,0.49643242,-0.46697807,17.611,0.41797844,0.039529085,-0.12392624
17.622,-1.1555586,0.58651984,-0.46782327,17.621,0.428974,-0.0032314807,-0.08544172
17.632,-1.0911179,0.722052,-0.45910072,17.631,0.43996957,-0.0380508,-0.049400676
17.642,-0.99240875,0.8727151,-0.44469786,17.641,0.44607824,-0.08264396,-0.0023640543
17.652,-0.82647896,0.98436415,-0.39863062,17.651,0.44424564,-0.112576365,0.027568344
17.662,-0.6719637,1.0316902,-0.36995792,17.662,0.4375261,-0.12723713,0.055668145
17.672,-0.47691536,1.0316294,-0.32688904,17.671,0.42469794,-0.13212405,0.078881025
17.684,-0.2772808,1.0069957,-0.3196211,17.683,0.4082046,-0.13029146,0.100872174
17.692,-0.12052727,0.91942406,-0.3472247,17.691,0.3849917,-0.114408955,0.11492208
17.702,-0.06753063,0.8300047,-0.40919447,17.701,0.3605571,-0.09241781,0.12591764
17.712,-0.084905624,0.77061,-0.5300343,17.711,0.33673334,-0.07470272,0.13141544
17.722,-0.14319038,0.73900664,-0.644737,17.721,0.30680096,-0.07470272,0.13813496
17.732,-0.22932911,0.71921015,-0.7335378,17.731,0.2780903,-0.078367904,0.14057842
17.742,-0.28874397,0.72464406,-0.7624508,17.741,0.24510357,-0.100969926,0.14546533
17.752,-0.29494667,0.7788272,-0.78566694,17.751,0.21211684,-0.1223502,0.14913052
17.762,-0.31621456,0.7872822,-0.79582834,17.761,0.18035185,-0.14556308,0.15401745
17.772,-0.34636497,0.80805707,-0.7172779,17.771,0.15347378,-0.16022384,0.16623476
17.784,-0.35585213,0.7716774,-0.638311,17.784,0.12720656,-0.1944323,0.17661947
17.792,-0.2904911,0.6938549,-0.458328,17.791,0.11498927,-0.21642345,0.18578245
17.802,-0.20135307,0.50154495,-0.20276928,17.801,0.12109793,-0.22986248,0.19433457
17.812,-0.09913349,0.29344547,0.034448624,17.811,0.1284283,-0.23658201,0.20105408
17.822,-0.041119576,0.05246377,0.24504209,17.821,0.13514782,-0.23352769,0.21510398
17.832,0.04472828,-0.10823262,0.47272158,17.831,0.14125647,-0.2225321,0.22487782
17.842,0.048540115,-0.20710224,0.77530074,17.841,0.138813,-0.20176268,0.23159733
17.852,0.0077171326,-0.22498661,1.0515859,17.851,0.14369993,-0.17488462,0.23465167
17.862,-0.099167824,-0.23555565,1.2175403,17.861,0.147976,-0.14861742,0.23342994
17.872,-0.2327919,-0.24090374,1.2976227,17.871,0.1583607,-0.13151318,0.23770599
17.882,-0.39203644,-0.19419754,1.3184116,17.881,0.17241059,-0.11929588,0.24503638
17.892,-0.6394768,0.17541444,1.178123,17.891,0.1827953,-0.11746328,0.260308
17.902,-0.69734,0.40224135,1.1189623,17.901,0.1864605,-0.12051761,0.2688601
17.912,-0.7286663,0.5509373,1.0760233,17.911,0.19501261,-0.13029146,0.28046656
17.922,-0.7411709,0.6539254,1.031122,17.921,0.21700376,-0.15716952,0.29451647
17.932,-0.6796684,0.71047354,1.0115991,17.931,0.23960577,-0.1840476,0.30673376
17.942,-0.5669842,0.70965725,1.0029969,17.941,0.2585426,-0.20298442,0.32139453
17.952,-0.41374683,0.67682403,0.96870947,17.951,0.27198163,-0.21336913,0.33666617
17.962,-0.2640915,0.68202716,0.91620207,17.961,0.28358808,-0.20909306,0.35499212
17.972,-0.14281082,0.67041653,0.92056894,17.971,0.28725326,-0.18771279,0.37148547
17.982,-0.073498726,0.6622455,0.94687223,17.981,0.2829772,-0.15289347,0.3855354
17.992,-0.06909084,0.6471826,0.9784095,17.991,0.27870116,-0.10463511,0.39958528
18.002,-0.12119198,0.63336486,0.9638021,18.001,0.27014905,-0.059431084,0.41424605
18.012,-0.20271206,0.6020626,0.79107904,18.011,0.25609913,-0.027055226,0.42768508
18.022,-0.22570038,0.53253835,0.5728383,18.021,0.23899491,-0.014837921,0.44417843
18.032,-0.19312096,0.51891774,0.3655522,18.031,0.22066896,-0.027055226,0.4606718
18.042,-0.11270714,0.4944839,0.28399897,18.041,0.21578203,-0.06248541,0.4765543
18.052,0.004640579,0.49579036,0.2415855,18.051,0.22189069,-0.108300306,0.49304765
18.062,0.1393776,0.47959518,0.22573876,18.061,0.24204923,-0.17427376,0.51015186
18.072,0.34243584,0.39041823,0.18374372,18.072,0.25976434,-0.21520174,0.5199257
18.082,0.60994625,0.31560737,0.08617163,18.081,0.28786412,-0.27262306,0.5168714
18.094,0.9178915,0.28774613,-0.10210538,18.093,0.31718567,-0.3385965,0.50526494
18.102,1.2683802,0.27952832,-0.27393425,18.101,0.33856595,-0.41800898,0.4747217
18.112,1.5386972,0.26573095,-0.30701458,18.111,0.34406373,-0.4809281,0.44478932
18.122,1.6955605,0.3547741,-0.25656092,18.121,0.31779653,-0.4968106,0.41424605
18.132,1.7950783,0.59827477,-0.25714183,18.131,0.2585426,-0.44488704,0.38614625
18.142,1.7807016,0.8439996,-0.3628224,18.141,0.1742432,-0.33981824,0.36720943
18.152,1.7167158,0.9788953,-0.4785453,18.151,0.088722065,-0.20115182,0.34888348
18.162,1.518096,0.9602535,-0.457734,18.161,0.02274862,-0.043548588,0.33788788
18.172,0.5383272,0.5773405,-0.2979629,18.171,-0.011459834,0.10733513,0.3415531
18.182,-0.025073051,0.31563568,-0.3199538,18.181,-0.010848968,0.21912348,0.36537683
18.195,-0.5153675,0.104934245,-0.4208988,18.195,0.020305159,0.28448606,0.39958528
18.202,-0.91094875,-0.04561813,-0.4946159,18.201,0.071006976,0.28815123,0.4411241
18.212,-1.1846046,-0.08090046,-0.5900636,18.211,0.14125647,0.21912348,0.49488026
18.222,-1.3100739,-0.023548335,-0.710364,18.221,0.18218444,0.14154357,0.5254235
18.232,-1.2957239,0.0787579,-0.8422291,18.231,0.19562347,0.06640715,0.5358082
18.242,-1.1679049,0.19824585,-1.0190594,18.241,0.18401703,-0.0068966746,0.5303104
18.252,-0.98770237,0.35731792,-1.1975757,18.251,0.14064561,-0.077757046,0.50343233
18.262,-0.7241144,0.53174216,-1.3089426,18.261,0.06306573,-0.15106088,0.45822835
18.272,-0.3951292,0.738309,-1.3314302,18.271,-0.035283577,-0.2243647,0.40080702
18.282,-0.07962608,0.92693746,-1.2152569,18.281,-0.1562349,-0.29339248,0.32811406
18.292,0.20619297,1.0799346,-1.0264502,18.291,-0.27962968,-0.34470513,0.2499233
18.302,0.41956615,1.1601834,-0.8359072,18.301,-0.4079114,-0.3856331,0.18028466
18.312,0.66893387,1.1993194,-0.55364597,18.311,-0.5349713,-0.4021265,0.12713937
18.322,0.96190834,1.2123682,-0.40209758,18.321,-0.65531176,-0.3929635,0.10270476
18.332,1.3302574,1.1551856,-0.14178514,18.331,-0.76343495,-0.3508138,0.102093905
18.342,1.6934252,1.0386972,0.113368034,18.341,-0.85201037,-0.2628492,0.12897198
18.352,1.9557524,0.8725121,0.29307616,18.351,-0.9466945,-0.08753089,0.14913052
18.362,2.0855293,0.62875,0.4422115,18.361,-0.9864007,0.058465905,0.16806735
18.372,1.9871864,0.30361706,0.44726086,18.371,-1.0108354,0.21973434,0.18394984
18.382,1.6701078,0.008308977,0.29915464,18.381,-1.0322156,0.36389855,0.18944764
18.392,1.236599,-0.26131228,0.005671382,18.391,-1.0535959,0.47507602,0.18333898
18.402,0.7565012,-0.51464725,-0.2727542,18.401,-1.0694784,0.53799516,0.1674565
18.412,0.2818594,-0.72532856,-0.50269604,18.411,-1.0829175,0.5618189,0.13935669
18.422,-0.2108059,-0.921723,-0.6362134,18.421,-1.0945239,0.55326676,0.10759169
18.432,-0.651391,-1.0715944,-0.78942645,18.431,-1.1091846,0.5215018,0.07338324
18.442,-1.0453348,-1.1003755,-0.93311644,18.441,-1.1232345,0.4561392,0.037342187
18.452,-1.5194197,-1.0341831,-1.0878837,18.451,-1.139728,0.3626768,0.0019120034
18.462,-1.574399,-0.9308239,-1.0687282,18.461,-1.1549995,0.25638625,-0.03351818
18.472,-1.5204391,-0.86511403,-1.0335064,18.471,-1.1672169,0.1500957,-0.06650491
18.482,-1.3884592,-0.72788143,-1.0287123,18.481,-1.1751581,0.049913794,-0.09338297
18.492,-1.1299744,-0.53662765,-0.9992279,18.491,-1.1910406,-0.07897877,-0.13125661
18.504,-0.8514185,-0.37856066,-0.9629873,18.503,-1.2099774,-0.14922827,-0.16179988
18.512,-0.55733013,-0.27658904,-0.88994837,18.511,-1.2295251,-0.20909306,-0.19112141
18.522,-0.24357891,-0.20950174,-0.7384026,18.521,-1.2564032,-0.24452326,-0.2228864
18.532,0.065208435,-0.17803776,-0.58493173,18.531,-1.2838922,-0.26223835,-0.24915361
18.542,0.34902477,-0.12302077,-0.48385966,18.541,-1.307105,-0.25735143,-0.26931217
18.552,0.5915365,-0.109898865,-0.3907293,18.551,-1.3339831,-0.23230594,-0.28763813
18.562,0.7892008,-0.09876758,-0.34301126,18.561,-1.361472,-0.20115182,-0.30352062
18.572,0.9493828,-0.086922824,-0.31066084,18.571,-1.3883501,-0.15716952,-0.3175705
18.582,0.9774771,-0.14289749,-0.33929455,18.581,-1.4140065,-0.1101329,-0.3371182
18.592,0.98358727,-0.24824852,-0.39881086,18.591,-1.4353867,-0.06309628,-0.35361156
18.607,0.8921919,-0.34392768,-0.48143125,18.601,-1.4433279,-0.02155744,-0.36643973
18.612,0.7042856,-0.4992059,-0.6322969,18.611,-1.4524909,0.0077640936,-0.36766148
18.622,0.4471302,-0.6755808,-0.6806413,18.621,-1.4671516,0.017537937,-0.35849848
18.632,0.27378654,-0.79862994,-0.65101945,18.631,-1.4812016,0.0077640936,-0.32429004
18.642,0.14708042,-0.91921157,-0.5911057,18.641,-1.4903646,-0.0056749433,-0.29619023
18.652,0.0155591965,-1.023756,-0.47333646,18.651,-1.5038036,-0.019724842,-0.26442525
18.662,-0.057308197,-1.1220114,-0.33494282,18.661,-1.5178535,-0.036218204,-0.2351037
18.672,-0.076096535,-1.2160393,-0.19059503,18.671,-1.5276273,-0.038661666,-0.2143343
18.682,-0.07418537,-1.3148422,-0.037736535,18.681,-1.5367904,-0.030720416,-0.20150612
18.692,-0.029777527,-1.4001675,0.1229887,18.691,-1.5392338,-0.0068966746,-0.19784093
18.702,0.018891335,-1.3584924,0.22830665,18.701,-1.5447316,0.02731178,-0.2070039
18.712,0.004804611,-1.1931788,0.29273474,18.711,-1.5563381,0.07251581,-0.23388198
18.722,-0.007846832,-0.87730426,0.32143533,18.721,-1.5856595,0.103059076,-0.2845838
18.732,-0.019259453,-0.55683345,0.44514024,18.731,-1.6162028,0.12993714,-0.35238984
18.742,0.069704056,-0.028819263,0.5731256,18.741,-1.6479678,0.15376088,-0.4391327
18.752,0.2123661,0.1601175,0.5927386,18.751,-1.6821762,0.18063897,-0.53870374
18.762,0.353755,0.37427753,0.57422936,18.761,-1.7066109,0.2117931,-0.64927036
18.772,0.3957386,0.6048957,0.4192568,18.771,-1.7340997,0.257608,-0.82947564
18.782,0.35516834,0.76927376,0.27166736,18.781,-1.7505932,0.27165788,-0.954703
18.792,0.30859947,0.68133974,0.042261004,18.791,-1.7567018,0.26127318,-1.0713782
18.802,0.2860365,0.36005205,-0.23249972,18.801,-1.737765,0.23378423,-1.1697274
18.812,0.26980114,-0.041046306,-0.68631256,18.811,-1.706,0.20507357,-1.2411988
18.822,0.1580267,-0.4971023,-1.2334666,18.821,-1.6821762,0.16414559,-1.2833484
18.832,0.09239006,-0.92302,-1.7002094,18.831,-1.6675155,0.08962003,-1.2882353
18.842,0.069521904,-1.2344705,-2.0061207,18.841,-1.6662937,-0.020946573,-1.2595247
18.852,0.08434105,-1.5176091,-2.0345557,18.851,-1.6748458,-0.12968059,-1.203325
18.862,0.36200333,-1.6234356,-1.8363982,18.861,-1.6901175,-0.22741902,-1.1147497
18.872,0.6893282,-1.6306405,-1.4226825,18.871,-1.7011131,-0.268347,-1.0194546
18.882,1.0051374,-1.585788,-0.96698564,18.881,-1.7047783,-0.25551882,-0.92904663
18.892,1.2984524,-1.5371947,-0.582949,18.891,-1.6986697,-0.182215,-0.84596896
18.902,1.463314,-1.481614,-0.36340952,18.901,-1.6772894,-0.06431801,-0.77633035
18.915,1.4340458,-1.3575457,-0.2552817,18.914,-1.6443026,0.07740273,-0.7011939
18.922,1.218853,-1.1258429,-0.29365206,18.921,-1.5923791,0.27532306,-0.6761485
18.932,0.9550514,-0.7309563,-0.51399934,18.931,-1.5679444,0.37245065,-0.6792028
18.942,0.5378609,-0.39817983,-0.7804875,18.941,-1.5490077,0.41521123,-0.70180476
18.952,0.10169697,-0.033237666,-0.9795816,18.951,-1.533736,0.40177217,-0.7268503
18.962,-0.27638435,0.42873132,-1.2199762,18.961,-1.538012,0.33152267,-0.75495005
18.972,-0.5970659,0.8331871,-1.3818209,18.971,-1.5600032,0.22339952,-0.77449775
18.982,-0.6808443,1.2202778,-1.3128977,18.981,-1.5868813,0.106724255,-0.7848825
18.992,-0.67713165,1.428195,-1.2445436,18.991,-1.619868,0.0040988997,-0.7891585
19.002,-0.5420599,1.5330088,-0.98619246,19.001,-1.6418592,-0.057598487,-0.7861042
19.012,-0.4980526,1.5189613,-0.95894796,19.011,-1.669959,-0.0942504,-0.7671674
19.022,-0.34008503,1.5657375,-0.96362936,19.021,-1.6980587,-0.10768944,-0.7451762
19.032,-0.35059357,1.3699632,-0.9034423,19.031,-1.7298237,-0.1223502,-0.7421219
19.042,-0.31534576,1.1019242,-0.7530443,19.041,-1.746928,-0.14617395,-0.74090016
19.052,-0.15665722,0.8233038,-0.50120234,19.051,-1.7628105,-0.18465847,-0.7451762
19.062,0.011942863,0.51336825,-0.15925014,19.061,-1.7676973,-0.21275827,-0.7500631
19.072,0.20374203,0.16680324,0.33255315,19.071,-1.7628105,-0.2329168,-0.75495005
19.082,0.40338326,-0.20148152,0.8717712,19.081,-1.7389867,-0.22925162,-0.75372833
19.092,0.62050724,-0.48065263,1.324041,19.091,-1.6974479,-0.20726046,-0.74273276
19.102,0.71290207,-0.69427705,1.606953,19.101,-1.6363614,-0.16144559,-0.7311263
19.112,0.7071676,-0.81911796,1.7220721,19.111,-1.5709988,-0.10402425,-0.71646553
19.123,0.58279514,-0.86972827,1.6194886,19.122,-1.5117449,-0.038661666,-0.6975287
19.132,0.297781,-0.8751184,1.3456594,19.131,-1.4573778,0.019370534,-0.67431587
19.142,-0.019097328,-0.84796774,1.0277976,19.141,-1.4182825,0.056633316,-0.6468269
19.152,-0.2950983,-0.7802409,0.7516484,19.151,-1.3785763,0.08290052,-0.6187271
19.162,-0.5413332,-0.63805765,0.48743927,19.161,-1.3455895,0.08900917,-0.5924599
19.172,-0.7174282,-0.47878742,0.27129817,19.171,-1.3138245,0.07251581,-0.5710796
19.182,-0.8225117,-0.37131572,0.31240642,19.181,-1.2906116,0.030366108,-0.555808
19.192,-0.91994476,-0.30860972,0.15626907,19.191,-1.2539598,-0.012394462,-0.54969937
19.202,-0.9612789,-0.1978147,0.2988931,19.201,-1.2215838,-0.076535314,-0.52526474
19.212,-0.9036131,-0.03097558,0.35066175,19.211,-1.1965383,-0.10035905,-0.51243657
19.226,-0.81487656,0.05353546,0.42206454,19.225,-1.1873754,-0.10524598,-0.50205183
19.232,-0.77029324,0.01627922,0.5179771,19.231,-1.170882,-0.10035905,-0.4904454
19.242,-0.7375946,-0.072631,0.59501815,19.241,-1.1311758,-0.089363486,-0.47334114
19.252,-0.7733984,-0.17449033,0.5911633,19.251,-1.0743654,-0.091196075,-0.44829568
19.262,-0.7622957,-0.32570553,0.39322007,19.261,-1.0322156,-0.12173934,-0.42019588
19.272,-0.81121826,-0.62909174,0.39928854,19.271,-1.003505,-0.16388905,-0.38598743
19.282,-0.7959213,-0.85685784,0.5864204,19.281,-0.9839573,-0.21153653,-0.34017253
19.292,-0.67578983,-0.9423022,0.75786424,19.291,-0.9699074,-0.25918403,-0.28885984
19.302,-0.26185703,-0.80444884,1.0957401,19.301,-0.9699074,-0.3159945,-0.23021677
19.312,0.14791107,-0.6124333,1.4358516,19.311,-0.97418344,-0.3752484,-0.17157373
19.322,0.6250353,-0.43038082,1.7239832,19.321,-0.97051823,-0.40579167,-0.12698056
19.332,1.097558,-0.33617747,1.8671395,19.331,-0.95097053,-0.39540696,-0.10315682
19.342,1.3627081,-0.34329438,1.832485,19.341,-0.88377535,-0.2982794,-0.111708924
19.352,1.3616343,-0.3716346,1.638869,19.351,-0.82818663,-0.21642345,-0.13553268
19.362,1.2126017,-0.36431146,1.4305453,19.361,-0.7835935,-0.14739567,-0.1666868
19.372,0.9679222,-0.30071986,1.2786183,19.371,-0.74144375,-0.09363954,-0.19356488
19.382,0.66690254,-0.14993691,1.04427,19.381,-0.704181,-0.049046375,-0.2192212
19.393,0.3642292,0.023321629,0.8001163,19.392,-0.67485946,-0.023390036,-0.24365583
19.402,0.045191765,0.23674858,0.5337362,19.401,-0.6461488,-0.016059652,-0.26809043
19.412,-0.2990017,0.3832816,0.2908528,19.411,-0.6308772,-0.027055226,-0.28763813
19.422,-0.5801058,0.50336576,0.16809213,19.421,-0.61743814,-0.051489837,-0.2998554
19.432,-0.8583603,0.5838088,0.095641136,19.431,-0.608886,-0.09058521,-0.30352062
19.442,-1.0788155,0.59904313,0.049458623,19.441,-0.60094476,-0.13334578,-0.2968011
19.452,-1.2297096,0.56861675,0.053120732,19.451,-0.6003339,-0.17671722,-0.27725342
19.462,-1.3301945,0.54501987,0.068630934,19.461,-0.5930035,-0.21397999,-0.24854276
19.472,-1.3587513,0.5194001,0.06435287,19.471,-0.5936144,-0.24574497,-0.2106691
19.482,-1.3220806,0.48348892,0.12772572,19.481,-0.60338825,-0.29400334,-0.1489717
19.492,-1.2074099,0.48225772,0.20972764,19.491,-0.6125512,-0.31904882,-0.10560028
19.503,-1.035943,0.51396155,0.29600418,19.501,-0.6278228,-0.33432043,-0.06894836
19.512,-0.8253088,0.5623338,0.39997947,19.511,-0.6492031,-0.33798563,-0.042070296
19.522,-0.5642786,0.6017555,0.4360155,19.521,-0.6760812,-0.32393572,-0.02191174
19.532,-0.31352234,0.66390204,0.44943845,19.531,-0.70723534,-0.29400334,-0.0103053
19.542,-0.11246967,0.75774324,0.36973464,19.541,-0.73838943,-0.2597949,-0.007250976
19.552,7.390976E-4,0.80159616,0.27769816,19.551,-0.7695436,-0.21886691,-0.005418379
19.562,0.031879425,0.82056856,0.18158686,19.561,-0.79703254,-0.18526933,-0.007250976
19.572,-2.2029877E-4,0.83673036,0.06342244,19.571,-0.8214671,-0.16327818,-0.0023640543
19.582,-0.074136734,0.8552997,-0.034655094,19.581,-0.8452909,-0.14373049,0.009242386
19.592,-0.24394894,0.89695215,-0.013665557,19.591,-0.86728203,-0.13517837,0.025735747
19.602,-0.3121357,0.88925254,0.0037817955,19.601,-0.8831645,-0.12112847,0.051392086
19.612,-0.41280842,0.86926985,0.005993724,19.611,-0.8929384,-0.10952203,0.077659294
19.622,-0.48986816,0.8095391,-0.015613198,19.621,-0.90149045,-0.095472135,0.115532935
19.636,-0.5218134,0.6886698,0.023986459,19.635,-0.90759915,-0.0942504,0.14180015
19.642,-0.511261,0.6027503,0.09836042,19.641,-0.9130969,-0.09486127,0.17173254
19.652,-0.4613123,0.560971,0.16582084,19.651,-0.9185947,-0.083865695,0.19494542
19.662,-0.40542603,0.5608101,0.24421906,19.661,-0.92225987,-0.07287012,0.21327138
19.672,-0.3925829,0.5569724,0.26572895,19.671,-0.92164904,-0.064928874,0.22426696
19.682,-0.39056015,0.5240747,0.2406348,19.681,-0.9130969,-0.06309628,0.22915387
19.692,-0.37913132,0.50343657,0.2418114,19.691,-0.8978253,-0.07103752,0.22915387
19.702,-0.37991714,0.4680891,0.22577453,19.701,-0.8788885,-0.08569829,0.22976474
19.712,-0.36064816,0.41117418,0.24758244,19.711,-0.8605625,-0.10158078,0.22548869
19.722,-0.30699253,0.39642835,0.29281497,19.721,-0.8397931,-0.11685242,0.22793216
19.733,-0.22235203,0.43482888,0.38558578,19.731,-0.81596935,-0.1223502,0.23526253
19.742,-0.19020653,0.46589518,0.47930157,19.741,-0.79092383,-0.11746328,0.23953858
19.752,-0.18186283,0.4900887,0.5451087,19.751,-0.76526755,-0.11196549,0.24381465
19.762,-0.1911869,0.48508894,0.6163106,19.761,-0.7200635,-0.102802515,0.25053415
19.772,-0.17167759,0.51216745,0.6266023,19.771,-0.6882985,-0.102802515,0.25358847
19.782,-0.067103386,0.58854604,0.5394219,19.781,-0.6583661,-0.10646771,0.2529776
19.792,0.012213707,0.61591804,0.5041764,19.791,-0.61927074,-0.11807415,0.25053415
19.802,0.11278057,0.5927663,0.48712063,19.801,-0.5746776,-0.13884357,0.24625811
19.812,0.2991104,0.5551994,0.51984453,19.811,-0.52703005,-0.16388905,0.24076031
19.822,0.6010561,0.4434812,0.5463642,19.821,-0.47144136,-0.18771279,0.22915387
19.832,1.0367441,0.24462557,0.57897294,19.831,-0.40730053,-0.21642345,0.20044321
19.842,1.5209742,-0.09125584,0.61547685,19.841,-0.34377053,-0.25551882,0.15157399
19.852,1.9020243,-0.43131906,0.67773914,19.851,-0.2930687,-0.2842295,0.08560054
19.862,2.0576363,-0.62185574,0.71664786,19.861,-0.27535364,-0.27384478,0.013518443
19.872,1.5171394,-0.4058668,0.46930516,19.871,-0.30711862,-0.20909306,-0.0542876
19.882,0.9849577,-0.08976984,0.14829075,19.881,-0.38042244,-0.10402425,-0.100102484
19.892,0.4342928,0.114233494,-0.15783024,19.891,-0.47877175,-0.013005327,-0.12698056
19.902,0.0030031204,0.2181043,-0.26320732,19.901,-0.58322966,0.035253026,-0.13003488
19.912,-0.28014183,0.2830056,-0.26927412,19.911,-0.6785247,0.04013995,-0.09277211
19.922,-0.4541626,0.25922912,-0.19543195,19.921,-0.70479184,0.017537937,-0.035350777
19.932,-0.54080296,0.14468479,0.054362893,19.931,-0.7127331,-0.0075075403,0.041618243
19.943,-0.4978428,0.06757128,0.23442197,19.942,-0.6919637,-0.014837921,0.12591764
19.952,-0.34404182,-5.0807E-4,0.12386358,19.951,-0.6620313,-0.0013988838,0.21082792
19.962,-0.141119,-0.054460645,-0.21154487,19.961,-0.64859223,0.027922645,0.27496877
19.972,-0.048173904,-0.1535533,-0.60775375,19.971,-0.663253,0.056022443,0.323838
19.982,-0.009037018,-0.27635074,-0.87067866,19.981,-0.7017375,0.07129408,0.35682473
19.992,0.048049927,-0.39777634,-0.989674,19.991,-0.7548828,0.07801359,0.37209636
20.002,0.18627739,-0.55057216,-0.961967,20.001,-0.8116933,0.068239756,0.37270722
20.012,0.32219124,-0.7196005,-0.66011107,20.011,-0.8575082,0.06335283,0.3519378
20.022,0.43617153,-0.92694104,-0.30982804,20.021,-0.8849971,0.084733106,0.31100982
20.032,0.41985512,-1.1721346,-0.043947935,20.031,-0.9143186,0.12871543,0.25053415
20.046,0.30673409,-1.4170098,0.15066528,20.045,-0.93753153,0.17330858,0.18578245
20.052,0.1520958,-1.5828763,0.22980523,20.051,-0.953414,0.22645387,0.10820256
20.062,-0.041607857,-1.6182212,0.21585107,20.061,-0.9607444,0.2380603,0.07338324
20.072,-0.14192295,-1.603128,0.11408353,20.071,-0.9686856,0.23072991,0.049559493
20.082,-0.1431799,-1.5580627,0.0645411,20.081,-0.97723776,0.21484742,0.042839974
20.092,-0.041789055,-1.5190241,0.009648085,20.091,-0.9796812,0.19468886,0.045283437
20.102,0.13265419,-1.4275448,0.03196287,20.101,-0.97540516,0.19468886,0.04833776
20.112,0.31618023,-1.3554894,0.029227257,20.111,-0.962577,0.22095606,0.051392086
20.122,0.49857426,-1.2458003,-0.0042512417,20.121,-0.9497488,0.27532306,0.0477269
20.132,0.59162617,-1.1778339,-0.099867344,20.131,-0.9302011,0.34068567,0.037953053
20.142,0.55175304,-1.108926,-0.25528884,20.141,-0.9094317,0.40055045,0.022681423
20.152,0.21965027,-1.0504565,-0.69038594,20.151,-0.894771,0.44758707,-5.3145736E-4
20.162,-0.034161568,-1.0023823,-0.9682044,20.161,-0.88682973,0.47446513,-0.026187796
20.172,-0.27040863,-0.9661237,-1.1942759,20.171,-0.88744056,0.47324342,-0.056731064
20.182,-0.5240965,-0.94072884,-1.3809761,20.181,-0.8953818,0.41337863,-0.106822014
20.192,-0.7056751,-0.893289,-1.4152936,20.191,-0.92470336,0.3449617,-0.14164132
20.202,-0.82357025,-0.85429734,-1.315283,20.201,-0.9503597,0.26982528,-0.17768237
20.212,-0.84303,-0.80845976,-1.1854355,20.211,-0.97418344,0.18919107,-0.21189083
20.222,-0.81773853,-0.7856943,-0.9786737,20.221,-0.99556375,0.1061134,-0.24121237
20.232,-0.7247076,-0.73098326,-0.7641828,20.231,-1.0108354,0.024868317,-0.26442525
20.242,-0.6016693,-0.68871933,-0.5034447,20.241,-1.0181657,-0.04110513,-0.28336206
20.252,-0.43261337,-0.6667705,-0.2532208,20.251,-1.0291613,-0.09180694,-0.29619023
20.262,-0.24809647,-0.6357005,-0.050388098,20.261,-1.0340482,-0.11685242,-0.29924455
20.272,-0.12785244,-0.6042388,0.11638236,20.271,-1.0383242,-0.1223502,-0.29496852
20.282,0.05878353,-0.5206555,0.22119379,20.281,-1.0413786,-0.11501982,-0.28763813
20.292,0.18153763,-0.41013902,0.329,20.291,-1.0419894,-0.095472135,-0.28030774
20.302,0.33986187,-0.24124102,0.37826872,20.301,-1.0493199,-0.06737233,-0.28336206
20.312,0.39036655,-0.17749651,0.46960592,20.311,-1.0517633,-0.025833495,-0.29619023
20.322,0.42045212,-0.14098567,0.47963834,20.321,-1.0566503,0.019370534,-0.310851
20.332,0.38448906,-0.106309704,0.4220662,20.331,-1.0694784,0.06029851,-0.34017253
20.342,0.2637396,-0.10579292,0.3456242,20.341,-1.080474,0.068850614,-0.35972023
20.355,0.17162514,-0.10741744,0.31498957,20.354,-1.0798631,0.06335283,-0.3792679
20.362,0.08785534,-0.13662893,0.28205514,20.361,-1.0810848,0.06029851,-0.40370253
20.372,0.0317173,-0.21946833,0.26785612,20.371,-1.0725328,0.06274196,-0.42569366
20.382,-0.043614388,-0.31461737,0.19402218,20.381,-1.0633698,0.058465905,-0.44218704
20.392,-0.09152794,-0.41344345,0.121917725,20.391,-1.0548177,0.051135525,-0.45745865
20.402,-0.14945507,-0.50491464,0.11869168,20.401,-1.0480981,0.029144377,-0.47028682
20.412,-0.2411623,-0.5933825,0.2782371,20.411,-1.0364916,0.012040146,-0.47944978
20.422,-0.30029202,-0.71099246,0.4800048,20.421,-1.0212201,0.013261877,-0.48983452
20.432,-0.31247616,-0.8414211,0.8448796,20.431,-0.9973963,0.008374959,-0.49288884
20.442,-0.29170036,-0.9195489,0.9715543,20.441,-0.9662422,0.016316205,-0.50510615
20.456,-0.27977085,-0.9676984,1.0464175,20.451,-0.93753153,0.026700914,-0.5142692
20.462,-0.29570293,-1.0363115,1.0558095,20.461,-0.90332305,0.042583413,-0.52465385
20.472,-0.32867908,-1.0306591,1.0295272,20.471,-0.8605625,0.0621311,-0.5295408
20.482,-0.39220238,-0.9691502,0.9724901,20.481,-0.83673877,0.07129408,-0.52831906
20.492,-0.48552322,-0.857587,0.89122224,20.491,-0.81474763,0.06640715,-0.5203778
20.502,-0.56581974,-0.7284111,0.8561878,20.501,-0.7897021,0.052968122,-0.5063279
20.512,-0.62378025,-0.62428427,0.8025563,20.511,-0.76343495,0.03158784,-0.49777576
20.522,-0.65828514,-0.5538082,0.8000393,20.521,-0.7353351,0.007153228,-0.4843367
20.532,-0.7291689,-0.50963014,0.88083935,20.531,-0.7005158,-0.018503115,-0.47273028
20.542,-0.7598686,-0.49045914,0.89786935,20.542,-0.6687508,-0.046602912,-0.45929125
20.552,-0.7143011,-0.5629426,0.87557006,20.551,-0.6308772,-0.066150606,-0.44401962
20.562,-0.7038851,-0.72759485,0.85967207,20.561,-0.595447,-0.08875261,-0.42630452
20.572,-0.6711502,-0.90822035,0.95059276,20.571,-0.5587951,-0.112576365,-0.40248078
20.582,-0.61117744,-1.073528,0.9513531,20.581,-0.52947354,-0.13212405,-0.3774353
20.592,-0.5251322,-1.2088214,1.0030286,20.591,-0.5056498,-0.14861742,-0.34872463
20.602,-0.41526127,-1.2496233,1.0476105,20.601,-0.48488042,-0.15839125,-0.32184657
20.612,-0.3175707,-1.2079765,1.0662715,20.611,-0.46288925,-0.16938683,-0.2913033
20.622,-0.22734356,-1.0860982,1.0846577,20.621,-0.454948,-0.1803824,-0.27786428
20.632,-0.1444931,-0.9429482,1.1719103,20.631,-0.46166754,-0.19015625,-0.2668687
20.643,-0.11049843,-0.79495347,1.2894578,20.641,-0.4635001,-0.18649106,-0.25953832
20.652,-0.07154846,-0.6044405,1.3466074,20.651,-0.4689979,-0.18343672,-0.25342965
20.662,-0.07921028,-0.403495,1.3569484,20.661,-0.46838704,-0.18282586,-0.25159708
20.672,-0.09157276,-0.20362449,1.3109055,20.671,-0.46594357,-0.17977154,-0.2546514
20.682,-0.14241791,-0.052864894,1.2262399,20.681,-0.46288925,-0.18160413,-0.256484
20.692,-0.1995039,0.033366263,1.0613141,20.691,-0.46105665,-0.18465847,-0.26076004
20.702,-0.2654276,0.039012462,0.94011927,20.701,-0.45922408,-0.19321057,-0.26076004
20.712,-0.26652527,-0.042303026,0.71139526,20.711,-0.4586132,-0.21886691,-0.25770572
20.722,0.011823654,-0.67279744,-0.0085814,20.721,-0.44150898,-0.2524645,-0.23754716
20.732,0.24185562,-0.76634794,-0.7470926,20.731,-0.40302446,-0.31171843,-0.19112141
20.742,0.44816017,-0.7867347,-1.1811854,20.741,-0.3920289,-0.40579167,-0.13064575
20.752,0.99414635,-0.8719931,-0.6593722,20.751,-0.43906552,-0.64036393,-0.017635684
20.764,1.6642704,-0.86537254,0.116381645,20.764,-0.4830478,-0.76681304,0.006188059
20.772,2.3356304,-0.9398031,0.54356337,20.771,-0.4518937,-0.830343,0.02817921
20.782,2.891449,-0.8134774,0.7935655,20.781,-0.41524178,-0.78574985,0.06299853
20.792,3.2626705,-0.4633635,1.0327871,20.791,-0.3883637,-0.65991163,0.078881025
20.802,3.4744558,0.02605331,1.1820021,20.801,-0.35354438,-0.4650456,0.05627901
20.812,3.2921915,0.4885875,0.9325619,20.811,-0.30834034,-0.2597949,-0.009694435
20.822,2.7630796,0.68027437,0.39589787,20.821,-0.27657536,-0.07592445,-0.10621114
20.832,2.0524292,0.635885,-0.1825614,20.831,-0.25947112,0.056633316,-0.21127996
20.842,1.3603907,0.519341,-0.757676,20.841,-0.25947112,0.139711,-0.30107716
20.852,0.80197716,0.41375262,-1.1625578,20.851,-0.28207314,0.16903251,-0.38904175
20.867,0.34409523,0.34689724,-1.4211066,20.861,-0.31933594,0.16903251,-0.4690651
20.872,-0.096167564,0.28299528,-1.6932483,20.871,-0.3651508,0.15742609,-0.5484776
20.882,-0.54917717,0.22807473,-1.8562042,20.881,-0.42257214,0.13176975,-0.610175
20.892,-0.955451,0.16852072,-2.0351322,20.891,-0.48243695,0.090230905,-0.6584334
20.902,-1.2947721,0.06402573,-2.128073,20.901,-0.5612385,-0.0032314807,-0.6584334
20.912,-1.6027107,-0.052537113,-2.1084213,20.911,-0.5936144,-0.076535314,-0.6230032
20.922,-1.8169508,-0.16049308,-2.0190773,20.921,-0.61927074,-0.14739567,-0.5576406
20.932,-1.9081383,-0.24628815,-1.7708459,20.931,-0.61865985,-0.19931921,-0.47639546
20.942,-1.8878632,-0.3560238,-1.3908715,20.941,-0.58139706,-0.2506319,-0.38598743
20.952,-1.7004337,-0.43058354,-0.93343866,20.951,-0.51053673,-0.28850555,-0.2931359
20.962,-1.4147797,-0.47282708,-0.4221475,20.961,-0.40546793,-0.3153836,-0.20822564
20.972,-1.0605698,-0.46157822,-0.029115677,20.971,-0.27901882,-0.3300444,-0.13308921
20.982,-0.49157524,-0.31237727,0.42509174,20.981,-0.13546549,-0.33554217,-0.08116567
20.992,0.13795757,-0.22918126,0.74123466,20.991,0.0019792016,-0.32149228,-0.04878981
21.002,1.2283077,-0.22500852,1.0711925,21.001,0.12109793,-0.26773614,-0.022522606
21.012,1.687005,-0.15254617,0.9444617,21.011,0.21700376,-0.19382143,-0.017635684
21.022,2.0517082,-0.1139791,0.9068407,21.021,0.28969672,-0.108300306,-0.045124624
21.032,2.241562,-0.1825158,0.527696,21.031,0.34589633,0.0621311,-0.11598499
21.042,2.2002058,-0.18411332,0.20620227,21.041,0.3727744,0.1659782,-0.17462805
21.052,1.8901701,-0.18757868,-0.16687334,21.051,0.37766132,0.24905586,-0.23143852
21.062,1.4739676,-0.11789501,-0.31929505,21.061,0.37094182,0.31441846,-0.28214034
21.072,0.94663143,-0.056100488,-0.28381932,21.072,0.37766132,0.3730615,-0.3145162
21.082,0.35338688,0.015880585,-0.18017662,21.081,0.40148506,0.41643295,-0.32551175
21.092,-0.18372154,0.10916197,-0.091021776,21.091,0.43202832,0.45675004,-0.31512704
21.102,-0.70599174,0.1420297,-0.16862881,21.101,0.47845408,0.48484987,-0.28702724
21.112,-1.1933384,0.17893267,-0.26201832,21.111,0.5248799,0.4872933,-0.24976447
21.122,-1.661119,0.15095615,-0.46088803,21.121,0.5682513,0.46102613,-0.20272785
21.132,-2.0214515,0.09019542,-0.65871644,21.131,0.60429233,0.40910256,-0.14652824
21.142,-2.259388,0.06386286,-0.80421436,21.141,0.62811613,0.32846835,-0.08727433
21.152,-2.4089475,0.036806345,-0.92947173,21.151,0.64644206,0.2380603,-0.026187796
21.162,-2.421411,0.015999794,-1.0366939,21.161,0.6617137,0.12993714,0.034898728
21.175,-2.269289,-0.009005904,-1.0637358,21.174,0.66354626,0.022424862,0.09476352
21.182,-1.9556575,-0.05505562,-1.0097984,21.181,0.6769853,-0.107078575,0.17906293
21.192,-1.4795485,-0.050735593,-0.959519,21.191,0.6757636,-0.15472606,0.22976474
21.202,-0.95754623,9.022951E-4,-0.8151381,21.201,0.6769853,-0.17366289,0.27313617
21.212,-0.44737148,0.09982145,-0.61257243,21.211,0.6720984,-0.15961298,0.30306858
21.222,0.020319939,0.22021925,-0.4279467,21.221,0.6702658,-0.1260154,0.32689232
21.232,0.36198902,0.36267394,-0.2993431,21.231,0.67454183,-0.0820331,0.34705088
21.242,0.6040735,0.46932656,-0.20919263,21.241,0.6788179,-0.03316388,0.36354423
21.252,0.7311144,0.5500449,-0.19234502,21.251,0.6861483,0.018148802,0.37392893
21.262,0.77175045,0.5611147,-0.22898352,21.261,0.70141995,0.06518542,0.3763724
21.275,0.7222357,0.5538015,-0.35658765,21.271,0.7160807,0.10550254,0.3800376
21.282,0.62525654,0.3686192,-0.6952169,21.281,0.7276871,0.12932628,0.37881586
21.292,0.34268093,0.24013197,-0.77095985,21.291,0.7472348,0.12871543,0.37331808
21.302,0.22734547,0.11179006,-0.7582295,21.301,0.7722803,0.11100032,0.36659855
21.312,0.12834072,0.012838006,-0.70954764,21.311,0.8022127,0.08900917,0.36293337
21.322,0.0861187,-0.02351427,-0.6248323,21.321,0.84375155,0.05174639,0.3586573
21.332,0.04732418,-0.03994143,-0.43365967,21.331,0.8669644,0.035253026,0.35499212
21.342,0.036257744,-0.020868182,-0.24192369,21.341,0.89506423,0.035253026,0.34949434
21.352,-0.0021028519,0.029419124,-0.15014148,21.351,0.9268292,0.03464216,0.34216395
21.362,-0.029533386,0.08474475,-0.016762257,21.361,0.9573725,0.030976973,0.3360553
21.372,-0.052018166,0.15899485,0.08894956,21.371,0.9976896,0.02731178,0.32750317
21.382,-0.090065,0.2116788,0.23951018,21.381,1.0428936,0.01692707,0.32322714
21.392,-0.12693596,0.22917825,0.3856119,21.391,1.0917628,0.0114292875,0.3256706
21.402,-0.1735344,0.24073106,0.5373223,21.401,1.1467407,4.3370575E-4,0.33727702
21.412,-0.16505432,0.23344457,0.6709775,21.411,1.2011077,-0.0013988838,0.3519378
21.422,-0.1720562,0.25226456,0.7776251,21.421,1.2615833,0.0010445714,0.37576154
21.432,-0.15351772,0.26132756,0.826929,21.431,1.3214482,0.018148802,0.40141788
21.442,-0.16456318,0.23634613,0.8248317,21.441,1.3745934,0.036474757,0.43135026
21.452,-0.19776535,0.14961392,0.88394606,21.451,1.4246844,0.06396369,0.46128267
21.462,-0.27323723,0.08798629,0.8696288,21.461,1.5040969,0.11283291,0.5150388
21.472,-0.3781662,0.04812032,0.78888357,21.471,1.5474683,0.13787839,0.5516907
21.482,-0.50434494,0.02549541,0.66174555,21.481,1.5932832,0.1568152,0.5938404
21.492,-0.59938717,0.07799053,0.48010933,21.491,1.6268808,0.16170213,0.63354665
21.502,-0.689867,0.14237255,0.3460983,21.501,1.6568131,0.15253916,0.66897684
21.512,-0.81073666,0.22833163,0.17711723,21.511,1.6916325,0.13176975,0.70501786
21.522,-0.91063595,0.32980242,0.05166471,21.521,1.7215649,0.103059076,0.74044806
21.532,-0.9620075,0.417925,-0.03863859,21.531,1.7496647,0.073126666,0.77587825
21.542,-0.93268394,0.531384,-0.18637419,21.541,1.7728776,0.035253026,0.80947584
21.552,-0.8286066,0.60906756,-0.31118655,21.551,1.7905927,-0.0050640777,0.8381865
21.562,-0.66638565,0.6873828,-0.39817333,21.561,1.8058643,-0.0380508,0.86689717
21.572,-0.30589104,0.776956,-0.41401744,21.571,1.8156382,-0.06920493,0.8943861
21.585,-0.12743378,0.8576801,-0.42249954,21.584,1.8217468,-0.08630916,0.91882074
21.592,0.051115036,0.98367316,-0.51431143,21.591,1.8290771,-0.088141754,0.9432553
21.602,0.18130016,1.1074331,-0.6467823,21.601,1.8186924,-0.06248541,0.96707904
21.612,0.2750578,1.2697572,-0.878471,21.611,1.8076969,-0.029498689,0.981129
21.622,0.29991245,1.3124813,-1.1642525,21.621,1.7997557,0.0010445714,0.98784846
21.632,0.36422253,1.1319172,-1.451117,21.631,1.8186924,0.010818422,1.0073962
21.642,0.5881262,0.7728795,-2.0056295,21.641,1.8700051,-0.0075075403,1.036107
21.652,0.9869633,0.17308906,-2.6513739,21.651,1.952472,-0.089974344,1.0654284
21.662,1.7013063,-0.4947849,-3.1309571,21.661,2.061817,-0.27445564,1.0758132
21.672,2.493823,-0.88732916,-2.9498796,21.671,2.1583335,-0.51758003,1.0348852
21.686,3.0285225,-0.65288544,-2.5191736,21.681,2.2072027,-0.73199373,0.9298163
21.692,3.1049633,-0.035810232,-2.3744016,21.691,2.1589444,-0.85966456,0.79664767
21.702,2.8047905,0.30485564,-2.139671,21.701,1.9830152,-0.83461905,0.6732529
21.712,2.36174,0.40635523,-1.8195529,21.711,1.7631037,-0.69228745,0.57490355
21.722,1.8257866,0.34583157,-1.4690638,21.721,1.5969484,-0.5517885,0.4942694
21.732,1.0981617,0.093034774,-1.0308892,21.731,1.5047077,-0.4461088,0.4399024
21.742,0.35889626,-0.2969501,-0.40477443,21.741,1.4876035,-0.3068315,0.42768508
21.752,-0.4066267,-0.8525481,0.25489306,21.751,1.5975592,-0.20359528,0.486939
21.762,-1.0272598,-1.2903268,0.6818547,21.761,1.743556,-0.10463511,0.58284485
21.772,-1.5930538,-1.5771974,0.80093884,21.771,1.9005485,-0.027666092,0.7080722
21.782,-1.8542461,-1.6312852,0.56094813,21.781,2.0355496,0.013872743,0.82719094
21.792,-1.9034863,-1.4935027,0.13714111,21.791,2.119849,0.010207556,0.9273728
21.802,-1.725708,-1.2588421,-0.2099691,21.801,2.15589,-0.034996476,0.98845935
21.812,-1.4283924,-0.9486273,-0.64385736,21.811,2.1412294,-0.12479366,1.0018984
21.822,-1.1222401,-0.72082335,-0.92402565,21.821,2.0734234,-0.23047334,0.97318774
21.832,-0.71767044,-0.58803344,-1.0672172,21.831,1.965911,-0.3300444,0.9206533
21.842,-0.36568737,-0.61390626,-1.0459739,21.841,1.8382401,-0.41495466,0.84062994
21.852,0.48223114,-0.8033905,-0.61432076,21.851,1.7136236,-0.47176513,0.7471676
21.862,0.8144932,-0.75244904,-0.3575614,21.861,1.6177177,-0.50353014,0.6396553
21.872,0.9685707,-0.60099006,-0.086509824,21.871,1.5602964,-0.53468424,0.53153217
21.882,1.053237,-0.46811962,0.22685415,21.881,1.526088,-0.5517885,0.41058084
21.893,1.2085781,-0.34302723,0.6119067,21.892,1.5150925,-0.5249104,0.36720943
21.902,1.3921566,-0.2738322,1.005028,21.901,1.5297532,-0.4473305,0.34705088
21.912,1.5242319,-0.26332211,1.1871189,21.911,1.5505226,-0.32393572,0.33727702
21.922,1.4924669,-0.2700714,1.1649609,21.921,1.5731246,-0.182215,0.33483356
21.932,1.3411398,-0.34141672,1.0857096,21.931,1.5859528,-0.049046375,0.33910963
21.942,1.0293617,-0.437755,0.9810394,21.941,1.5926723,0.056633316,0.3446074
21.952,0.64920235,-0.5089315,0.93424374,21.951,1.603057,0.14520878,0.35071605
21.962,0.24713802,-0.52949405,0.7233499,21.961,1.6152743,0.21240395,0.34644002
21.972,-0.16049004,-0.57783735,0.49834406,21.971,1.6219939,0.248445,0.33849877
21.982,-0.5525379,-0.6662196,0.37644958,21.981,1.6226047,0.2466124,0.32444885
21.995,-0.907815,-0.7416067,0.09283841,21.994,1.6323786,0.21301481,0.31406415
22.002,-1.2289848,-0.76345813,-0.11851239,22.001,1.6354328,0.14459792,0.30978808
22.012,-1.3882675,-0.7230501,-0.24825644,22.011,1.6372654,0.06029851,0.30917722
22.022,-1.4378605,-0.65268016,-0.39436114,22.021,1.6354328,-0.07714618,0.30673376
22.032,-1.4047661,-0.5583849,-0.5328145,22.031,1.6342112,-0.16449991,0.3042903
22.042,-1.2805262,-0.4559523,-0.58923835,22.041,1.6342112,-0.24146894,0.30123597
22.052,-1.0686932,-0.3470459,-0.65669334,22.051,1.6219939,-0.30744237,0.2939056
22.062,-0.7930927,-0.26543045,-0.65486735,22.061,1.6042788,-0.36242023,0.28474262
22.072,-0.47500134,-0.20891225,-0.56806177,22.071,1.5853419,-0.39601782,0.2743579
22.082,-0.19686794,-0.16823864,-0.44806767,22.081,1.5609074,-0.41556552,0.260308
22.096,0.14088154,-0.110477805,-0.26381046,22.091,1.5401379,-0.4125112,0.24137118
22.102,0.4640379,-0.03268242,-0.12398517,22.101,1.5212011,-0.40090474,0.21632572
22.112,0.7379608,0.0038280487,-0.008168101,22.111,1.5059295,-0.37585926,0.18761504
22.122,0.908906,6.246567E-5,0.101410985,22.121,1.4876035,-0.33737478,0.15523918
22.132,1.0727062,-0.023819566,0.22898054,22.131,1.471721,-0.2872838,0.12041986
22.142,1.0356293,-0.09241879,0.231089,22.141,1.4521734,-0.22497556,0.08987659
22.152,0.9450331,-0.16799128,0.22741818,22.151,1.4332365,-0.16205645,0.06666372
22.162,0.8142481,-0.17780602,0.13768005,22.161,1.4155214,-0.096083,0.051392086
22.172,0.61491966,-0.142367,0.017840862,22.171,1.385589,-0.013005327,0.0477269
22.182,0.39700603,-0.110006094,-0.055259585,22.181,1.3648196,0.029755242,0.053224683
22.192,0.15081024,-0.09851384,-0.17003381,22.191,1.3483262,0.057855047,0.061165933
22.202,-0.09265804,-0.08232558,-0.219661,22.201,1.3440502,0.070072345,0.074604966
22.212,-0.37199593,-0.07002568,-0.4152689,22.211,1.3464936,0.05907678,0.08743314
22.222,-0.55456734,-0.038682222,-0.48436993,22.221,1.340385,0.03280957,0.09965044
22.232,-0.6967344,-0.050195456,-0.5840379,22.231,1.3330545,-0.0038423464,0.11492208
22.242,-0.81301594,-0.07676959,-0.64125675,22.241,1.3141178,-0.05087897,0.13019371
22.252,-0.7371197,-0.0412246,-0.6106132,22.251,1.2970135,-0.09913732,0.13935669
22.262,-0.591218,-0.014324307,-0.65343815,22.261,1.2731898,-0.14922827,0.1460762
22.272,-0.4100895,-0.0534662,-0.522728,22.271,1.2505878,-0.1944323,0.14057842
22.282,-0.20808315,-0.07680583,-0.38574237,22.281,1.2322618,-0.23352769,0.1283611
22.292,-0.0017242432,-0.06320989,-0.2601788,22.291,1.208438,-0.25185364,0.110646024
22.302,0.09778881,-0.10066199,-0.10688329,22.301,1.1852252,-0.25490797,0.08682227
22.312,0.18508339,-0.12143588,0.0061445236,22.311,1.1479625,-0.24574497,0.055668145
22.322,0.24008942,-0.13645685,0.08520222,22.321,1.1210843,-0.2280299,0.03673132
22.332,0.29162598,-0.12853754,0.11685932,22.331,1.0978714,-0.2066496,0.023292286
22.342,0.32528687,-0.1280936,0.11889815,22.341,1.0771021,-0.18282586,0.00496633
22.352,0.3280096,-0.13481557,0.07890582,22.351,1.0575544,-0.15350434,-0.010916166
22.362,0.32968044,-0.13840222,0.050599694,22.361,1.0404501,-0.1223502,-0.028631259
22.372,0.26439667,-0.11443281,-0.009274125,22.371,1.0129611,-0.099748194,-0.045124624
22.382,0.17037106,-0.08586359,-0.012787104,22.381,0.98486143,-0.08325483,-0.061007116
22.392,0.08097172,-0.07129884,-0.05277419,22.391,0.9579833,-0.08325483,-0.07688962
22.405,-0.0084552765,-0.046622396,-0.05697453,22.404,0.9207206,-0.07531358,-0.08727433
22.412,-0.050258636,0.0010056496,-0.051512122,22.411,0.8810143,-0.0820331,-0.100102484
22.422,0.0059833527,0.22418058,0.08642447,22.421,0.83947545,-0.083865695,-0.11048719
22.432,0.096777916,0.32386136,0.110913634,22.431,0.7930497,-0.0802005,-0.12575883
22.442,0.18758106,0.3708201,0.11066699,22.441,0.7435696,-0.06431801,-0.14530651
22.452,0.2747326,0.363653,0.06943655,22.451,0.6733201,-0.038661666,-0.1807367
22.462,0.34392834,0.35900158,-0.0019311905,22.461,0.62689435,-0.016670518,-0.20761478
22.472,0.36763096,0.3633511,-0.046563625,22.471,0.5774143,4.3370575E-4,-0.23449284
22.482,0.38654137,0.39855307,-0.05067289,22.481,0.51816034,0.023646586,-0.26747957
22.492,0.36711407,0.35438567,-0.036666393,22.491,0.46196073,0.041361682,-0.2968011
22.503,0.2652073,0.30068916,0.014947414,22.501,0.4045394,0.05907678,-0.3267335
22.512,0.21472836,0.29245847,0.017189026,22.511,0.35078326,0.068239756,-0.35605502
22.522,0.18690395,0.2752239,0.022464871,22.521,0.29824883,0.06762888,-0.3811005
22.532,0.15301132,0.2623533,0.042960644,22.531,0.2499905,0.06396369,-0.40370253
22.542,0.15372086,0.24124187,0.110984325,22.541,0.20784079,0.05907678,-0.43119144
22.552,0.15806103,0.23319644,0.101692796,22.551,0.16508022,0.058465905,-0.45379347
22.562,0.15290165,0.21683365,0.09286761,22.561,0.13148263,0.056633316,-0.47028682
22.572,0.1323204,0.17444152,0.09265721,22.571,0.09483072,0.057244174,-0.4849476
22.582,0.09999561,0.094371915,0.09111929,22.581,0.065509185,0.060909368,-0.49594316
22.592,0.094283104,0.0047582984,0.08465803,22.591,0.050848424,0.06335283,-0.49838665
22.602,0.104584694,-0.08843434,0.10361695,22.601,0.03557679,0.07373754,-0.48983452
22.612,0.14289188,-0.15704179,0.09648645,22.611,0.030079002,0.08412225,-0.47517374
22.622,0.16843891,-0.17209083,0.099535346,22.621,0.031300735,0.08962003,-0.45257175
22.632,0.18610859,-0.16554534,0.13479602,22.631,0.030689867,0.103059076,-0.42996973
22.642,0.20785904,-0.21900108,0.14136136,22.641,0.031300735,0.11588725,-0.40003732
22.652,0.20493126,-0.2993962,0.13944411,22.651,0.034965925,0.12749368,-0.36643973
22.662,0.22527981,-0.3697747,0.14896476,22.661,0.042907175,0.14581963,-0.32917696
22.672,0.22211552,-0.3850743,0.13199675,22.671,0.053291883,0.15986955,-0.29374677
22.682,0.191885,-0.39533347,0.12868297,22.681,0.06489832,0.17941722,-0.2668687
22.692,0.16337204,-0.366713,0.15048933,22.691,0.07772649,0.2044627,-0.24854276
22.702,0.04551983,-0.30395633,0.01461184,22.701,0.09116553,0.22767559,-0.24121237
22.732,-0.045762062,-0.19477437,-0.09962654,22.731,0.104604565,0.24172547,-0.23999062
22.731,0.022547722,-0.31558016,-0.04595387,22.733,0.11560014,0.24416894,-0.24304494
22.734,-0.088900566,0.0762462,-0.1049813,22.741,0.06734178,0.22401041,-0.24365583
22.742,-0.09516716,0.29351884,-0.042424917,22.732,0.11682187,0.24783415,-0.24243408
22.754,-0.10617638,0.36934915,0.38556457,22.751,0.02885727,0.21729088,-0.2454884
22.764,-0.10910225,0.4033572,0.75614595,22.763,0.03313333,0.20873877,-0.23937976
22.772,-0.045482635,0.53028554,1.0508528,22.781,0.10155024,0.22462127,-0.22716245
22.783,-0.013441086,0.60249335,1.1548382,22.791,0.14308907,0.23500597,-0.22410813
22.792,-0.026765823,0.6744608,1.110122,22.801,0.17363232,0.23744944,-0.22227554
22.802,0.030895233,0.7116747,0.98402476,22.811,0.202343,0.23195165,-0.21861035
22.812,0.08623028,0.6455752,0.86075056,22.821,0.23349713,0.22523212,-0.21250169
22.822,0.17394543,0.5898738,0.7810745,22.831,0.26831645,0.21057135,-0.20761478
22.832,0.24476051,0.5671914,0.68374705,22.841,0.29824883,0.19713232,-0.21005823
22.842,0.31659222,0.5867267,0.6072817,22.851,0.31901824,0.17575204,-0.2143343
22.852,0.3845148,0.6411077,0.5475912,22.861,0.33306816,0.17697376,-0.2228864
22.862,0.48489857,0.73117316,0.6220838,22.871,0.34589633,0.19468886,-0.23327112
22.872,0.51633644,0.87816817,0.59934354,22.881,0.35628104,0.24722329,-0.25159708
22.882,0.531106,1.0497578,0.64574397,22.891,0.36238968,0.28937298,-0.26442525
22.892,0.44635296,1.2013638,0.5628269,22.901,0.36849836,0.32663575,-0.2735882
22.902,0.30755234,1.3387992,0.43356824,22.911,0.37399614,0.35045952,-0.2735882
22.912,0.102458,1.3946178,0.2845199,22.921,0.3868243,0.36145508,-0.26137093
22.922,-0.096292496,1.4155259,0.104198694,22.931,0.39720902,0.35840076,-0.24243408
22.932,-0.29254055,1.3922689,-0.048876047,22.941,0.4094263,0.34312913,-0.21494515
22.942,-0.4077301,1.4037054,-0.22807693,22.951,0.41370237,0.3260249,-0.19051054
22.952,-0.4431343,1.4209344,-0.3542179,22.961,0.41064805,0.30892065,-0.17462805
22.962,-0.44666862,1.4444597,-0.45466745,22.971,0.40881544,0.28937298,-0.16424334
22.972,-0.4147377,1.4245262,-0.5006492,22.981,0.39598727,0.26982528,-0.15935642
22.982,-0.41320992,1.3792567,-0.547246,22.991,0.38193738,0.26127318,-0.15874556
22.992,-0.45260715,1.2871938,-0.57405925,23.001,0.36238968,0.24905586,-0.15446949
23.002,-0.5366039,1.200504,-0.61212444,23.011,0.3379551,0.24294722,-0.14652824
23.012,-0.639987,1.119915,-0.67045045,23.021,0.29885972,0.21423656,-0.13675441
23.022,-0.7525301,1.0163407,-0.6861521,23.031,0.27198163,0.17514116,-0.12514797
23.032,-0.8695879,0.9292262,-0.6096933,23.041,0.25548828,0.1323806,-0.10926546
23.042,-0.9326296,0.86506313,-0.510321,23.051,0.2512122,0.07679186,-0.09032865
23.052,-0.97427845,0.7453263,-0.37158036,23.061,0.2585426,0.014483608,-0.06955923
23.062,-0.9371805,0.60725546,-0.1955874,23.071,0.28419894,-0.040494263,-0.04756808
23.072,-0.8331795,0.4378171,-0.032083273,23.081,0.31413135,-0.09363954,-0.028631259
23.082,-0.7173176,0.24046004,0.09730911,23.091,0.35139412,-0.13884357,-0.010916166
23.092,-0.5391598,0.12247372,0.19813299,23.101,0.39171124,-0.17244115,0.009853251
23.102,-0.3547964,0.025115967,0.21467257,23.111,0.42836314,-0.19382143,0.022681423
23.112,-0.19736576,-0.033398986,0.26070452,23.121,0.46868023,-0.20298442,0.036120456
23.127,-0.10368824,-0.060598493,0.26817656,23.131,0.4955583,-0.20420614,0.045283437
23.132,0.0029907227,-0.048598647,0.26665878,23.141,0.5267125,-0.20726046,0.044061705
23.142,0.1300621,0.025381446,0.32164335,23.151,0.5542014,-0.1944323,0.03856392
23.152,0.13899326,0.024352431,0.37209272,23.161,0.596962,-0.18343672,0.032455266
23.162,0.118346214,0.008943796,0.3907709,23.171,0.6213966,-0.17060855,0.03673132
23.172,0.09201908,0.04278493,0.3987174,23.181,0.6354465,-0.14434135,0.045283437
23.182,0.03871727,0.12398565,0.45553923,23.191,0.64583117,-0.11624155,0.05200295
23.192,0.011173248,0.21162128,0.49637222,23.201,0.655605,-0.09913732,0.0617768
23.202,-0.051958084,0.2604481,0.4588759,23.211,0.66965497,-0.08569829,0.07277237
23.212,-0.12561607,0.33265555,0.45476174,23.221,0.6727093,-0.07470272,0.078881025
23.222,-0.19064045,0.46852708,0.4327109,23.231,0.67637444,-0.06553974,0.08743314
23.232,-0.33325195,0.5425097,0.42627478,23.241,0.67454183,-0.055765893,0.100872174
23.242,-0.48406792,0.59450316,0.43901777,23.251,0.6733201,-0.05087897,0.12103073
23.252,-0.6240463,0.6334876,0.42803168,23.261,0.6733201,-0.052100703,0.14241101
23.262,-0.76772594,0.6271794,0.40126753,23.271,0.6733201,-0.06553974,0.17112169
23.272,-0.85208035,0.48084342,0.43791914,23.281,0.66782236,-0.083865695,0.19799975
23.282,-0.8614063,0.36799943,0.52780485,23.291,0.6672115,-0.10585684,0.22976474
23.292,-0.77447796,0.25114214,0.6145264,23.301,0.6666006,-0.124182805,0.27191445
23.302,-0.62486553,0.14703667,0.64625657,23.311,0.66415715,-0.12968059,0.2957382
23.312,-0.5174875,0.1187439,0.67815447,23.321,0.6568268,-0.1364001,0.3165076
23.322,-0.4390087,0.15483725,0.72178924,23.331,0.64827466,-0.13578925,0.32750317
23.332,-0.3365965,0.24858642,0.7648854,23.341,0.6397225,-0.12357193,0.33116838
23.342,-0.25775528,0.31647265,0.8707113,23.351,0.63117045,-0.10768944,0.3256706
23.352,-0.20222473,0.40035164,0.9440743,23.361,0.62384003,-0.09058521,0.32322714
23.362,-0.16286564,0.42278707,1.0172642,23.371,0.6165097,-0.07042666,0.31956193
23.372,-0.1395979,0.43621325,1.0492697,23.381,0.61284447,-0.049046375,0.3165076
23.382,-0.107331276,0.43853438,1.1263447,23.391,0.6146771,-0.020946573,0.31223154
23.392,-0.09098816,0.45675945,1.1997973,23.401,0.6165097,0.0065423623,0.31284243
23.402,-0.14327812,0.4674685,1.2934829,23.411,0.63055956,0.036474757,0.3201728
23.412,-0.25697994,0.4494316,1.3604279,23.421,0.64338773,0.06335283,0.33361185
23.422,-0.41666412,0.41407907,1.3483359,23.432,0.6562159,0.07801359,0.3513269
23.433,-0.57594967,0.339154,1.3016548,23.441,0.673931,0.07740273,0.38125932
23.442,-0.7221575,0.23695296,1.2376646,23.451,0.68248314,0.0621311,0.39958528
23.452,-0.829154,0.1996721,1.1555326,23.461,0.6769853,0.038307354,0.4136352
23.462,-0.8672066,0.21054244,1.070581,23.471,0.66293544,0.005320631,0.42646337
23.472,-0.85203934,0.33493894,1.0052826,23.481,0.64583117,-0.01911398,0.43012854
23.482,-0.7583084,0.53856117,0.96976566,23.491,0.62872696,-0.041715994,0.4240199
23.492,-0.5894098,0.7860507,0.94112444,23.501,0.6067358,-0.053322434,0.41730037
23.502,-0.39058876,1.0244789,0.956558,23.511,0.5816904,-0.047213778,0.40386134
23.512,-0.18539429,1.2530313,0.94028497,23.521,0.55175793,-0.027055226,0.3904223
23.522,-0.010596275,1.4689958,0.95548916,23.531,0.5248799,0.012040146,0.37392893
23.537,0.17249203,1.6610397,0.9192047,23.541,0.4998344,0.057244174,0.35682473
23.542,0.31481647,1.7695003,0.837265,23.551,0.4815084,0.10733513,0.3427748
23.552,0.38042927,1.7327532,0.73123693,23.561,0.47234544,0.15253916,0.33910963
23.562,0.34147358,1.6219261,0.58047414,23.571,0.4644042,0.18430415,0.33849877
23.572,0.37816143,1.46807,0.29729843,23.581,0.4625716,0.1959106,0.33727702
23.582,0.49936867,1.2831354,-0.1372168,23.591,0.47601062,0.14765224,0.32689232
23.592,0.7777691,1.1285403,-0.7640948,23.601,0.4955583,0.040750816,0.2957382
23.602,1.1092348,0.89858,-1.2044415,23.611,0.5291559,-0.1137981,0.24320377
23.612,1.3913889,0.68922,-1.1854422,23.621,0.5462602,-0.2420798,0.17661947
23.622,1.6192703,0.6618784,-1.0877067,23.631,0.5089974,-0.29522508,0.10636996
23.632,1.859436,0.756934,-1.0377043,23.641,0.41736755,-0.27140132,0.041618243
23.642,1.9616585,0.79382193,-0.91687536,23.651,0.3006923,-0.19931921,-0.009083573
23.652,1.7819433,0.69882715,-0.84245896,23.661,0.18523876,-0.12540454,-0.045735482
23.662,1.4663782,0.6180808,-0.7340354,23.671,0.07650476,-0.054544162,-0.06528318
23.672,1.0626535,0.52780426,-0.61307955,23.681,7.574712E-4,0.01692707,-0.055509333
23.682,0.55742645,0.35123456,-0.430817,23.691,-0.035894442,0.081678785,-0.016413953
23.692,0.007813454,0.09418839,-0.23701775,23.701,-0.023677139,0.13787839,0.051392086
23.702,-0.5195303,-0.20790857,-0.07140255,23.711,0.031300735,0.17330858,0.13508062
23.712,-0.9497347,-0.44678104,0.009779215,23.721,0.170578,0.16475645,0.26580578
23.722,-1.2901144,-0.61402416,-0.1317792,23.731,0.27503595,0.10855686,0.34888348
23.732,-1.4526825,-0.75805974,-0.37887907,23.742,0.36361143,0.018148802,0.41607866
23.743,-1.4416332,-0.81579006,-0.7063948,23.751,0.41370237,-0.0820331,0.46861306
23.752,-1.248786,-0.76681906,-1.011397,23.761,0.419811,-0.16572164,0.49671286
23.762,-0.80645466,-0.6718892,-1.122124,23.771,0.39659813,-0.21214738,0.49854544
23.772,-0.16985226,-0.47903,-0.98142576,23.781,0.34223112,-0.19931921,0.47594345
23.782,0.360816,-0.397085,-0.7069082,23.791,0.288475,-0.14922827,0.44173497
23.793,0.6978121,-0.46293902,-0.4030869,23.801,0.23349713,-0.08447656,0.40874827
23.802,0.8510008,-0.5821873,-0.2439903,23.811,0.19256915,-0.016670518,0.37759414
23.812,0.9340296,-0.68182933,-0.24866462,23.821,0.16080415,0.046859466,0.3604899
23.822,0.9490175,-0.7576374,-0.3194033,23.833,0.15347378,0.09695042,0.35377038
23.834,0.9039812,-0.85767627,-0.43405223,23.841,0.16385849,0.14276531,0.35682473
23.842,0.82514954,-0.83111274,-0.451051,23.851,0.19073656,0.18613675,0.36293337
23.852,0.71969795,-0.771872,-0.40847206,23.861,0.22250155,0.23072991,0.3678203
23.862,0.6164017,-0.734258,-0.42607784,23.871,0.27014905,0.3046446,0.37148547
23.872,0.49073124,-0.7652017,-0.4623469,23.881,0.29152933,0.3400748,0.36843115
23.882,0.33596325,-0.75959176,-0.52432203,23.891,0.30496836,0.3645094,0.3604899
23.892,0.19739056,-0.75845367,-0.55232215,23.901,0.29580536,0.37428325,0.34582913
23.902,0.072356224,-0.80833477,-0.6312964,23.911,0.27259248,0.37733757,0.3397205
23.912,0.03839302,-0.8281901,-0.71098006,23.921,0.22494501,0.36939633,0.3323901
23.922,-0.07469845,-0.8473945,-0.7617589,23.931,0.16446935,0.3559573,0.3397205
23.932,-0.19871521,-0.8007231,-0.7740184,23.942,0.088722065,0.3364096,0.35804644
23.942,-0.2871809,-0.7711121,-0.78870237,23.951,0.016639967,0.29181644,0.38064846
23.952,-0.3273039,-0.7101742,-0.7406559,23.961,-0.040781364,0.23195165,0.40141788
23.962,-0.23792839,-0.5820584,-0.5832199,23.971,-0.08720712,0.17758462,0.41241345
23.972,-0.12894535,-0.39426732,-0.4311427,23.981,-0.117750384,0.1323806,0.41424605
23.982,0.00466156,-0.23057401,-0.3297553,23.991,-0.13057856,0.11405464,0.40813738
23.992,0.12750053,-0.06513649,-0.25985503,24.001,-0.142185,0.1061134,0.39897442
24.002,0.24450493,0.06406067,-0.30357385,24.011,-0.16539788,0.13910013,0.36720943
24.012,0.35167885,0.12172202,-0.29332662,24.021,-0.17578259,0.1781955,0.33788788
24.022,0.3581295,0.072180286,-0.26429462,24.031,-0.18066952,0.20812789,0.3042903
24.032,0.26360512,-0.011776954,-0.27180314,24.041,-0.18433471,0.22950819,0.27374703
24.043,0.06669998,-0.18956369,-0.25873518,24.051,-0.18738903,0.24355808,0.24014945
24.052,-0.14299774,-0.414462,-0.30336022,24.061,-0.18555644,0.24111462,0.21082792
24.062,-0.34794712,-0.66565067,-0.32497668,24.071,-0.18494557,0.22828645,0.19066937
24.072,-0.5447588,-0.9226675,-0.3285985,24.081,-0.18128037,0.20079753,0.16928908
24.082,-0.7350149,-1.1183416,-0.33668232,24.091,-0.17089567,0.15070656,0.15279572
24.092,-0.91325474,-1.2759178,-0.3398981,24.101,-0.1544023,0.08351139,0.1356915
24.102,-0.9829273,-1.3284391,-0.32951856,24.111,-0.13790895,0.017537937,0.11736554
24.112,-0.9858246,-1.3224691,-0.2521279,24.121,-0.12569164,-0.051489837,0.09965044
24.122,-0.7137203,-1.160681,-0.14950633,24.131,-0.12019385,-0.10891117,0.07827016
24.132,-0.50033665,-0.9816406,-0.048042774,24.141,-0.112863466,-0.1718303,0.042839974
24.142,-0.34356213,-0.7837381,0.038579464,24.151,-0.11042,-0.19076711,0.02023796
24.152,-0.167943,-0.5796414,0.1222775,24.161,-0.11042,-0.1895454,-0.007250976
24.162,-0.036673546,-0.3663342,0.24374366,24.171,-0.114696056,-0.17793894,-0.031685587
24.172,0.04451084,-0.25351298,0.3050332,24.181,-0.117750384,-0.16205645,-0.05306587
24.182,0.12117386,-0.21909308,0.2939422,24.191,-0.11958298,-0.14189789,-0.07444616
24.192,0.1766653,-0.22925591,0.29025412,24.201,-0.11591779,-0.11807415,-0.09399384
24.202,0.22657204,-0.2921183,0.29149795,24.211,-0.11042,-0.09180694,-0.11842844
24.212,0.2398529,-0.3121727,0.28647208,24.221,-0.11103087,-0.06981579,-0.13980873
24.222,0.20559597,-0.33217764,0.27223372,24.231,-0.10980914,-0.05087897,-0.15874556
24.232,0.120233536,-0.3491311,0.2536304,24.241,-0.11591779,-0.045992047,-0.17829324
24.242,0.021765709,-0.35922903,0.25957704,24.254,-0.1263025,-0.039883398,-0.20150612
24.254,-0.09220886,-0.428698,0.2828343,24.261,-0.12874596,-0.04477032,-0.21861035
24.262,-0.2146759,-0.48519903,0.32070112,24.271,-0.13546549,-0.054544162,-0.23754716
24.272,-0.36124325,-0.5583532,0.38542247,24.281,-0.13302203,-0.06981579,-0.2528188
24.282,-0.44935894,-0.6347431,0.48566985,24.291,-0.1122526,-0.08753089,-0.2741991
24.292,-0.48022652,-0.7197993,0.56390214,24.301,-0.09698097,-0.100969926,-0.28152946
24.302,-0.4895668,-0.80967295,0.65554786,24.311,-0.07865501,-0.10952203,-0.2900816
24.312,-0.4832058,-0.88274765,0.74675655,24.321,-0.06277251,-0.122961074,-0.29435763
24.322,-0.4468689,-0.8849203,0.8343899,24.331,-0.053609535,-0.13090232,-0.3004663
24.332,-0.36361504,-0.87227404,0.97033095,24.341,-0.04505742,-0.13151318,-0.30352062
24.342,-0.25362206,-0.8925798,1.0868247,24.351,-0.038337905,-0.1223502,-0.30474234
24.357,-0.13584232,-0.8990569,1.1829734,24.361,-0.03772704,-0.10158078,-0.30596408
24.362,-0.007660866,-0.8787006,1.2901034,24.371,-0.04933348,-0.066761464,-0.31268358
24.372,0.12159634,-0.83308053,1.3663726,24.381,-0.05666386,-0.033774745,-0.3194031
24.382,0.18006992,-0.7710262,1.4992986,24.391,-0.06888117,0.007153228,-0.3267335
24.392,0.18948555,-0.66165483,1.6055572,24.401,-0.07621155,0.049913794,-0.34139428
24.402,0.19774914,-0.53122634,1.6946249,24.411,-0.07865501,0.09695042,-0.3603311
24.412,0.11395836,-0.5500155,1.6598065,24.421,-0.07621155,0.14704138,-0.37804618
24.422,0.001572609,-0.6554589,1.514503,24.431,-0.07071376,0.19713232,-0.40492424
24.432,-0.12639046,-0.7286525,1.2714834,24.441,-0.07804415,0.20385185,-0.41775241
24.442,-0.2973156,-0.8324269,1.0263288,24.451,-0.08354193,0.2044627,-0.4250828
24.452,-0.3988161,-0.9431927,0.9005687,24.461,-0.094537504,0.18063897,-0.42752627
24.462,-0.45427322,-0.9895859,0.7685721,24.471,-0.10247876,0.14398703,-0.43730012
24.472,-0.41726685,-1.0827777,0.7340896,24.481,-0.09942443,0.10855686,-0.44890654
24.482,-0.3225813,-1.246187,0.6308496,24.491,-0.09759183,0.07801359,-0.45440432
24.492,-0.20012951,-1.4218022,0.4179759,24.501,-0.107365675,0.02853351,-0.4495174
24.502,-0.055402756,-1.5674717,0.07046485,24.511,-0.12752423,-0.055765893,-0.42447194
24.512,0.19068813,-1.6117324,-0.31072497,24.521,-0.14890452,-0.17916067,-0.37438098
24.522,0.584815,-1.5082343,-0.69123566,24.531,-0.16539788,-0.3300444,-0.29435763
24.532,1.1765995,-1.2328595,-0.9044212,24.541,-0.17272827,-0.4772629,-0.18989968
24.542,1.8624134,-0.74131143,-0.7624624,24.551,-0.1684522,-0.5444581,-0.07750048
24.552,2.6100883,-0.16043724,-0.123585224,24.561,-0.12508078,-0.48031723,0.013518443
24.562,3.228241,0.14459786,0.7857075,24.571,-0.031007523,-0.2701796,0.077659294
24.572,3.5955448,0.12035335,1.5318007,24.581,0.16752368,0.20140839,0.06360939
24.582,3.543127,-0.10153672,1.6851165,24.591,0.24327096,0.4872933,0.014129308
24.592,3.0198412,-0.365166,1.1015787,24.601,0.26281866,0.6833811,-0.056731064
24.602,2.0069313,-0.6239663,0.4201646,24.611,0.23594059,0.78539556,-0.15508036
24.612,0.99454117,-0.6267589,-0.30163765,24.621,0.1846279,0.8024998,-0.2650361
24.622,-0.095181465,-0.5648259,-0.9163599,24.631,0.1039937,0.7395807,-0.3688832
24.632,-1.1973429,-0.49398327,-1.5228351,24.641,0.008698719,0.58747524,-0.4531826
24.642,-2.043069,-0.39481357,-2.116404,24.651,-0.07987674,0.33946392,-0.50510615
24.652,-2.6704502,-0.38247284,-2.7654855,24.663,-0.15562403,0.045026876,-0.52282125
24.663,-2.8778906,-0.31749123,-3.1494293,24.671,-0.20632586,-0.21886691,-0.5179343
24.672,-2.5710516,-0.12481763,-3.120245,24.681,-0.20815845,-0.37647015,-0.49960837
24.682,-1.1425009,0.41535163,-1.89305,24.691,-0.17822605,-0.42900455,-0.4568478
24.692,-0.5099783,0.7930457,-1.3164277,24.701,-0.12996769,-0.38868743,-0.39392868
24.702,-0.100990295,1.1917192,-0.7647984,24.711,-0.06582684,-0.22741902,-0.2931359
24.712,0.12767124,1.5350373,-0.43194914,24.721,0.03863112,-0.10646771,-0.21799949
24.722,0.24390602,1.7352961,-0.2528093,24.731,0.09666332,-0.0013988838,-0.14530651
24.732,0.2660904,1.7731738,-0.14832449,24.741,0.14308907,0.08534398,-0.086663455
24.742,0.3180933,1.6541408,-0.16288495,24.751,0.17974098,0.15192828,-0.05184414
24.752,0.41264725,1.5384007,-0.036101818,24.761,0.20845164,0.184915,-0.04451376
24.767,0.5094986,1.347721,-0.011414051,24.771,0.22005808,0.19713232,-0.0542876
24.772,0.5997448,1.1846733,0.015079975,24.781,0.23655145,0.19163454,-0.0805548
24.782,0.717721,0.9550982,0.08212948,24.791,0.25182307,0.18063897,-0.11659585
24.792,0.88251114,0.71847856,0.12310481,24.801,0.27992287,0.17514116,-0.16057815
24.802,1.1385098,0.4660408,0.20358896,24.811,0.32695952,0.17575204,-0.20639305
24.812,1.3459492,0.33072513,0.36951804,24.821,0.38743517,0.194078,-0.25770572
24.822,1.368743,0.23391223,0.37080503,24.831,0.44913256,0.20568445,-0.30352062
24.832,1.2163172,0.15401918,0.31720138,24.841,0.5102191,0.21790174,-0.33467475
24.842,0.87782,0.07681,0.27115393,24.851,0.5645861,0.22828645,-0.34933552
24.852,0.5041065,0.11052489,0.19194841,24.861,0.6262835,0.2502776,-0.33772907
24.862,0.055648804,0.1694032,0.061079025,24.871,0.6531616,0.26738182,-0.31146187
24.872,-0.38403225,0.27706486,-0.101913214,24.881,0.6733201,0.2765448,-0.279086
24.882,-0.7851362,0.39130175,-0.3193152,24.891,0.6861483,0.26310578,-0.23937976
24.892,-1.1425686,0.49567837,-0.54664946,24.901,0.69775474,0.22095606,-0.19784093
24.902,-1.477366,0.56541944,-0.7754501,24.911,0.709972,0.15437174,-0.15508036
24.912,-1.7629952,0.54673576,-0.9501941,24.921,0.724022,0.0621311,-0.10621114
24.922,-1.9809628,0.48515987,-1.0460416,24.931,0.73685014,-0.0380508,-0.05306587
24.932,-2.109972,0.41185617,-1.12688,24.941,0.73990446,-0.13884357,0.0013011377
24.942,-2.087788,0.40667796,-1.1031705,24.951,0.73074144,-0.2280299,0.05200295
24.952,-1.9583154,0.4503641,-1.0766573,24.961,0.7160807,-0.29766852,0.09415266
24.962,-1.6908202,0.6677666,-0.8377912,24.972,0.6910352,-0.34470513,0.13019371
24.973,-0.8787689,0.7786132,-0.5696976,24.981,0.6617137,-0.36242023,0.15218486
24.982,-0.41304302,0.8882619,-0.38663006,24.991,0.6299487,-0.35020295,0.16623476
24.992,-0.009102821,0.9566057,-0.24479413,25.001,0.56214267,-0.2872838,0.17845206
25.002,0.27202892,1.0345579,-0.13026357,25.011,0.5126626,-0.22497556,0.18028466
25.012,0.4530964,1.0537065,-0.057108164,25.021,0.4589064,-0.16327818,0.18028466
25.022,0.56628513,1.073781,-0.16623998,25.031,0.40515026,-0.10585684,0.1815064
25.032,0.5707073,1.1425176,-0.28223872,25.041,0.36116797,-0.067983195,0.17539774
25.042,0.47908878,1.1774193,-0.4137113,25.051,0.31779653,-0.045381185,0.1619587
25.052,0.39048672,1.186132,-0.5064248,25.061,0.28725326,-0.034996476,0.14729793
25.062,0.29146767,1.1814759,-0.51965606,25.075,0.26648384,-0.030109555,0.13446976
25.075,0.17471218,1.1110244,-0.5032426,25.081,0.24815789,-0.03682907,0.124085054
25.082,0.06389618,1.0005004,-0.4551593,25.091,0.2322754,-0.05087897,0.1143112
25.092,0.0019435883,0.83982587,-0.3187728,25.101,0.21517117,-0.06004195,0.112478614
25.102,-0.06253147,0.62195635,-0.13822174,25.111,0.19928867,-0.07287012,0.11125688
25.112,-0.10331535,0.42521977,0.037660122,25.121,0.18951483,-0.08142223,0.11186774
25.122,-0.15499783,0.21025455,0.22859955,25.131,0.18401703,-0.09363954,0.1143112
25.132,-0.16746902,-0.0024386644,0.35861492,25.141,0.18707137,-0.1137981,0.12103073
25.142,-0.20799637,-0.19373012,0.48617887,25.151,0.18951483,-0.11563069,0.12713937
25.152,-0.22227097,-0.27677,0.6312523,25.161,0.1968452,-0.108300306,0.1320263
25.162,-0.24832535,-0.29177666,0.73436403,25.171,0.2005104,-0.09363954,0.13813496
25.172,-0.2775917,-0.26275194,0.78752923,25.181,0.20906252,-0.07042666,0.14546533
25.182,-0.2978487,-0.16001284,0.84602904,25.191,0.21028425,-0.046602912,0.15768264
25.192,-0.3366909,-0.075160265,0.8439591,25.201,0.21761462,-0.01911398,0.17173254
25.202,-0.35811138,0.044335008,0.86839056,25.211,0.22311242,0.0022663027,0.19066937
25.212,-0.38622952,0.13425267,0.8935623,25.221,0.2322754,0.010207556,0.21021706
25.222,-0.3925991,0.23853576,0.85628486,25.231,0.24449271,0.0059314966,0.22854301
25.232,-0.41336346,0.35449505,0.872663,25.241,0.25976434,-0.0020097494,0.24503638
25.242,-0.42817402,0.45779872,0.9452958,25.251,0.28419894,-0.012394462,0.26336232
25.252,-0.45368862,0.6258322,1.1254363,25.261,0.30496836,-0.015448786,0.27741224
25.262,-0.4418106,0.62368214,1.1896346,25.271,0.3324573,-0.006285809,0.29146212
25.272,-0.40670967,0.5603981,1.2040522,25.281,0.35078326,0.012651011,0.3079555
25.282,-0.3662882,0.5108049,1.125098,25.291,0.36849836,0.029755242,0.3201728
25.292,-0.32667923,0.43785053,1.0551767,25.301,0.36849836,0.054189853,0.33116838
25.302,-0.3404894,0.39715075,0.95910287,25.311,0.3660549,0.078624465,0.34399655
25.312,-0.39458942,0.40906507,0.8634379,25.321,0.34895065,0.10000474,0.35377038
25.322,-0.489007,0.4244582,0.79712844,25.331,0.33184642,0.11588725,0.3659877
25.332,-0.6011238,0.4173066,0.7510605,25.341,0.3220726,0.115276374,0.37515068
25.342,-0.718112,0.4373542,0.66465473,25.351,0.3116879,0.11161118,0.38797885
25.352,-0.81495667,0.44307554,0.56104136,25.361,0.30924442,0.08595484,0.4032505
25.362,-0.91854286,0.48229575,0.4328866,25.371,0.30557922,0.04747033,0.41730037
25.372,-0.9609127,0.54168874,0.3567407,25.383,0.29763797,0.0059314966,0.43135026
25.383,-0.9743881,0.6044362,0.35416293,25.391,0.29885972,-0.038661666,0.44051325
25.392,-0.92661476,0.63628304,0.41924453,25.401,0.3006923,-0.07042666,0.45395228
25.402,-0.8567791,0.6317174,0.49311614,25.411,0.3116879,-0.09913732,0.464337
25.412,-0.730093,0.6213354,0.47987485,25.421,0.3116879,-0.14250876,0.4765543
25.422,-0.5710888,0.6017828,0.35160375,25.431,0.30741182,-0.17366289,0.47899777
25.432,-0.34224606,0.5777844,0.30938435,25.441,0.30496836,-0.20787135,0.47288913
25.442,-0.12265301,0.5286664,0.29863763,25.451,0.31535307,-0.24574497,0.4680022
25.452,0.08043003,0.44962907,0.30298138,25.461,0.33306816,-0.28117517,0.46555874
25.462,0.3268299,0.37578768,0.17651486,25.471,0.36177883,-0.3367639,0.46189353
25.472,0.71294117,0.35966367,-0.19546771,25.485,0.4027068,-0.43389148,0.44295672
25.486,1.2929459,0.33504182,-0.6936165,25.491,0.45463035,-0.5780557,0.4044722
25.492,1.929697,0.2207289,-1.0300978,25.501,0.51938206,-0.7228307,0.34521827
25.502,2.5578318,0.11142826,-0.8366761,25.511,0.55175793,-0.7991889,0.2780231
25.512,3.0511293,0.20433778,-0.5025048,25.521,0.50227785,-0.7613152,0.21449311
25.522,3.3904352,0.42685997,-0.3717414,25.531,0.40637198,-0.60493374,0.15707178
25.532,3.3539867,0.8407897,-0.31700063,25.541,0.2829772,-0.3844114,0.116754666
25.542,2.9856424,0.9307231,-0.5119114,25.551,0.16324762,-0.1803824,0.081935346
25.552,2.4356565,0.8335206,-0.5694877,25.561,0.069785245,0.114665516,0.074604966
25.562,1.5725775,0.5039099,-0.39450133,25.571,0.01358564,0.30647722,0.12164159
25.572,0.56438446,0.12047905,-0.21791911,25.581,0.036798522,0.46224785,0.20105408
25.582,-0.40156555,-0.19990678,-0.14285731,25.591,0.09971764,0.5526559,0.29268387
25.592,-1.2737656,-0.45464027,-0.27251863,25.601,0.1864605,0.5636515,0.3904223
25.602,-1.8620329,-0.5885209,-0.48335373,25.611,0.28725326,0.49767804,0.47227824
25.612,-2.2935658,-0.6908689,-0.8585026,25.621,0.38132653,0.35107037,0.5351973
25.622,-2.5222292,-0.6499816,-1.1670201,25.631,0.46012813,0.15803695,0.5663515
25.632,-2.4975424,-0.4686919,-1.3780375,25.641,0.50960827,-0.0380508,0.5712384
25.642,-2.2877889,-0.29353696,-1.4494482,25.651,0.52304727,-0.22008863,0.550469
25.652,-1.9990697,-0.18802169,-1.4809909,25.661,0.48822793,-0.37219408,0.5168714
25.662,-1.5432739,-0.112447694,-1.49584,25.671,0.40331766,-0.4809281,0.4673913
25.672,-0.94097424,0.025768358,-1.5708897,25.681,0.279312,-0.5652275,0.4026396
25.682,-0.28371525,0.15259968,-1.5684078,25.691,0.13575868,-0.60798806,0.3256706
25.692,0.3504572,0.2393848,-1.5095363,25.701,-0.007183777,-0.63120097,0.24259292
25.702,0.94389725,0.30132425,-1.4100237,25.711,-0.19960633,-0.6134859,0.21876916
25.712,1.5083885,0.3695023,-1.2239163,25.721,-0.29673392,-0.558508,0.22487782
25.722,1.9787283,0.4535241,-0.9254604,25.731,-0.36881602,-0.44305444,0.2444255
25.732,2.4253254,0.53407705,-0.39705873,25.741,-0.4109657,-0.26529267,0.27313617
25.742,2.7927275,0.5650938,0.15119135,25.751,-0.42745906,-0.045992047,0.30306858
25.752,2.9544497,0.539488,0.6292772,25.761,-0.4250156,0.18796936,0.32994664
25.762,2.8291616,0.40296942,0.86044204,25.771,-0.41157657,0.40238306,0.34582913
25.772,2.447691,0.19288346,0.83051324,25.781,-0.4164635,0.570371,0.35254866
25.782,1.8501511,-0.06727877,0.54587674,25.793,-0.42929167,0.6821593,0.3427748
25.794,1.1890116,-0.2783087,0.18001199,25.801,-0.4518937,0.74752194,0.3220054
25.802,0.50186634,-0.46033204,-0.16864944,25.811,-0.47632828,0.7634044,0.2957382
25.812,-0.82619095,-0.67699945,-0.6077961,25.821,-0.5044281,0.733472,0.25908628
25.822,-1.3979454,-0.718608,-0.8307575,25.831,-0.52886266,0.66077906,0.22548869
25.832,-1.8536096,-0.7164265,-1.0522243,25.841,-0.5459669,0.5373843,0.18761504
25.842,-2.174027,-0.68033755,-1.2648504,25.851,-0.56979066,0.28876212,0.13080457
25.852,-2.3632045,-0.6073767,-1.4013889,25.861,-0.57834274,0.103669934,0.09965044
25.862,-2.3564215,-0.49921614,-1.4253137,25.871,-0.58445144,-0.07287012,0.06360939
25.872,-2.160606,-0.37719142,-1.3249971,25.881,-0.58567315,-0.22314298,0.03062267
25.882,-1.7965689,-0.27398413,-1.1612436,25.894,-0.5905601,-0.33798563,-0.0041966494
25.894,-1.2980738,-0.16395253,-0.91092134,25.901,-0.595447,-0.4119003,-0.036572505
25.902,-0.7660179,-0.06862259,-0.65331817,25.911,-0.6131621,-0.43389148,-0.06039625
25.912,-0.19559002,0.007975459,-0.36924434,25.921,-0.6394293,-0.408846,-0.09093951
25.922,0.33489418,0.08339083,-0.08073175,25.931,-0.66997254,-0.3477595,-0.11965017
25.932,0.7625103,0.051599264,0.18749988,25.941,-0.6974615,-0.26040575,-0.15080431
25.942,1.0575819,-0.023945212,0.26464498,25.951,-0.7286156,-0.17549548,-0.17279546
25.952,1.1864662,-0.102590024,0.24113047,25.961,-0.75976974,-0.0979156,-0.19051054
25.962,1.1980782,-0.15382016,0.1405648,25.971,-0.7933673,-0.0380508,-0.20639305
25.972,1.1076069,-0.18224162,-0.013378859,25.981,-0.812915,0.010207556,-0.2228864
25.982,0.98311615,-0.20949966,-0.0845207,25.991,-0.81535846,0.067018025,-0.24365583
25.992,0.8282881,-0.15963441,-0.23644435,26.001,-0.8061955,0.093285225,-0.25892746
26.002,0.5827923,-0.05505407,-0.40628767,26.011,-0.8025303,0.101837344,-0.2687013
26.012,0.290658,0.014965832,-0.56469846,26.021,-0.790313,0.08412225,-0.26809043
26.022,-0.024542809,0.010700285,-0.63490355,26.031,-0.7854261,0.046859466,-0.26014918
26.032,-0.36907673,-0.07414049,-0.7274699,26.041,-0.78420436,-0.006285809,-0.24426669
26.042,-0.60190105,-0.17522272,-0.80728287,26.051,-0.8006977,-0.07042666,-0.21861035
26.053,-0.7291279,-0.26014555,-0.8898776,26.061,-0.82940835,-0.14128703,-0.192954
26.062,-0.7855301,-0.32750028,-0.8921142,26.071,-0.8733907,-0.20726046,-0.16546507
26.072,-0.72308636,-0.39377338,-0.79529345,26.081,-0.9332555,-0.25551882,-0.1404196
26.082,-0.5174837,-0.3885387,-0.64098966,26.091,-0.99678546,-0.28117517,-0.1208719
26.092,-0.24735928,-0.33774057,-0.40168834,26.101,-1.0639806,-0.27323392,-0.10926546
26.102,0.37762547,-0.14340955,0.27118576,26.111,-1.1293432,-0.23230594,-0.10621114
26.112,0.6203203,-0.06844312,0.51464117,26.121,-1.1904297,-0.17488462,-0.11476326
26.122,0.76096725,-0.037249804,0.7269832,26.131,-1.243575,-0.107078575,-0.13431095
26.132,0.811573,0.010293424,0.8606155,26.141,-1.3156571,-7.880181E-4,-0.16057815
26.142,0.7294626,0.07997984,0.8116096,26.151,-1.365748,0.059687637,-0.19051054
26.152,0.6683998,0.17952976,0.65614593,26.161,-1.4164499,0.10977859,-0.22655159
26.162,0.5036869,0.23419866,0.45527303,26.171,-1.4695952,0.13665667,-0.2687013
26.172,0.3451023,0.25786418,0.2772206,26.181,-1.5264056,0.15315002,-0.3181814
26.182,0.22480583,0.26435292,0.19126844,26.191,-1.5826052,0.16719991,-0.37804618
26.192,0.08647728,0.19053513,0.0958668,26.202,-1.6345288,0.16536734,-0.43852183
26.203,-0.06887531,0.071201205,-0.02663958,26.211,-1.6821762,0.14643049,-0.5008301
26.212,-0.21749783,-0.054614514,-0.058755875,26.221,-1.728602,0.12566108,-0.5576406
26.222,-0.2839098,-0.15255377,0.010336757,26.231,-1.7634213,0.103669934,-0.61384016
26.232,-0.29318905,-0.2791025,0.1253593,26.241,-1.7811364,0.08900917,-0.66942894
26.242,-0.2535162,-0.40645227,0.20873976,26.251,-1.792132,0.084733106,-0.72379595
26.252,-0.15508842,-0.5479282,0.30112052,26.261,-1.7774712,0.0883983,-0.77571946
26.262,-0.083890915,-0.6903472,0.29260433,26.271,-1.7615887,0.096339546,-0.8490233
26.272,-0.060171127,-0.8283613,0.22594893,26.281,-1.7310455,0.096339546,-0.8844535
26.282,-0.07192707,-1.0122583,0.13173139,26.291,-1.7023348,0.076181,-0.9467617
26.292,0.067255974,-0.9705499,-0.07855451,26.304,-1.6669046,0.056022443,-0.9931875
26.305,0.10243797,-1.1506916,-0.29211342,26.311,-1.6375831,0.018148802,-1.013346
26.312,0.063225746,-1.4243895,-0.6071464,26.321,-1.6168137,-0.032553013,-1.0096809
26.322,0.036646843,-1.7021941,-0.9138643,26.331,-1.5936007,-0.09852646,-0.9809702
26.332,0.077329636,-1.9483922,-1.0903975,26.341,-1.574053,-0.15655866,-0.9302684
26.342,0.11215496,-2.0831392,-1.2076076,26.351,-1.5612249,-0.20970392,-0.8569645
26.352,0.15424728,-2.177197,-1.2215438,26.361,-1.547175,-0.23536026,-0.77510864
26.362,0.29518127,-2.0870025,-1.137878,26.371,-1.5508403,-0.2420798,-0.6914201
26.372,0.47412395,-1.8047173,-1.0582895,26.381,-1.5624467,-0.21764517,-0.6260575
26.382,0.75872993,-0.9133059,-1.0025864,26.391,-1.5758857,-0.19259971,-0.5710796
26.392,0.8582411,-0.46205992,-0.96861184,26.401,-1.5905465,-0.16022384,-0.5307625
26.409,0.9249506,0.009004265,-0.95326996,26.411,-1.602153,-0.11563069,-0.4861693
26.412,0.9398508,0.47660807,-0.9066314,26.421,-1.615592,-0.09486127,-0.47700635
26.422,0.91354465,0.82730186,-0.72277594,26.431,-1.6027638,-0.07164839,-0.47822806
26.432,0.90835285,1.0381705,-0.43331552,26.441,-1.5587815,-0.036218204,-0.49349973
26.442,0.83342934,1.1185925,-0.23426998,26.451,-1.5086905,4.3370575E-4,-0.5118257
26.452,0.572628,1.0549101,-0.12055063,26.461,-1.4561561,0.05052466,-0.52709734
26.462,0.24933052,0.98940563,-0.15513504,26.471,-1.4378302,0.08595484,-0.555808
26.472,-0.09234619,0.96105546,-0.38748246,26.481,-1.4378302,0.07129408,-0.5716905
26.482,-0.5081377,0.8406223,-0.69148415,26.491,-1.4628756,0.032198705,-0.5839078
26.492,-0.6392832,0.8384069,-0.9553795,26.501,-1.5038036,-0.04843551,-0.6034555
26.502,-0.60234356,0.85314834,-1.0172685,26.511,-1.5520619,-0.13273491,-0.62850094
26.512,-0.42362022,0.82946056,-1.076873,26.521,-1.606429,-0.21397999,-0.6620985
26.522,-0.21417236,0.72581726,-0.88041097,26.531,-1.6510221,-0.27323392,-0.6895875
26.532,-0.04544258,0.5389882,-0.54141223,26.541,-1.6827872,-0.3056098,-0.70546997
26.542,0.23134518,0.39133072,-0.15548575,26.551,-1.6931719,-0.27262306,-0.72379595
26.552,0.44586372,0.32396048,0.47896016,26.561,-1.669959,-0.19504318,-0.7225742
26.562,0.53017044,0.36685467,0.9237795,26.571,-1.6400266,-0.12357193,-0.7121895
26.572,0.4647951,0.3955869,1.0918676,26.581,-1.5978769,-0.053322434,-0.6926418
26.582,0.32506943,0.41629773,1.2853695,26.591,-1.5367904,0.001655437,-0.6730941
26.593,0.18759155,0.42801058,1.3952647,26.601,-1.4750929,0.039529085,-0.64621603
26.602,0.039809227,0.37016928,1.3963324,26.614,-1.4085087,0.05480071,-0.61811626
26.614,-0.11113167,0.28313255,1.3620383,26.621,-1.3358157,0.0621311,-0.5912382
26.622,-0.13125992,0.19900334,1.3005512,26.631,-1.2716748,0.05174639,-0.5710796
26.632,-0.13471508,0.07526076,1.179744,26.641,-1.2050905,0.033420436,-0.5527537
26.642,-0.11682606,-0.07424569,1.0163187,26.651,-1.1513344,0.0065423623,-0.5344277
26.652,-0.16281986,-0.25032032,0.893945,26.661,-1.103076,-0.016059652,-0.51243657
26.662,-0.25477505,-0.387896,0.86478496,26.671,-1.0664241,-0.019724842,-0.4904454
26.672,-0.2954874,-0.35422027,0.8300024,26.681,-1.0377134,-0.009340137,-0.47150856
26.682,-0.38168812,-0.28610277,0.8527777,26.691,-1.016944,0.010207556,-0.4586804
26.692,-0.43895817,-0.17598522,0.75531864,26.701,-0.99312025,0.041972548,-0.4409653
26.702,-0.48277092,-0.10865414,0.65293074,26.711,-0.9827356,0.06335283,-0.43119144
26.717,-0.5682974,-0.0010626316,0.3927058,26.721,-0.98090297,0.057244174,-0.4159198
26.722,-0.64088726,0.15661001,0.26082587,26.731,-0.9821247,0.039529085,-0.40125906
26.732,-0.69955826,0.31306815,0.22724044,26.741,-0.97723776,0.0059314966,-0.3865983
26.742,-0.7456703,0.43922174,0.19497955,26.751,-0.97235084,-0.024611767,-0.36827233
26.752,-0.72418976,0.59534085,0.16125965,26.761,-0.9662422,-0.06248541,-0.35361156
26.762,-0.7117748,0.6362045,0.14095747,26.771,-0.9589118,-0.10463511,-0.33833992
26.772,-0.64271355,0.5631939,0.07943654,26.781,-0.9497488,-0.1400653,-0.32184657
26.782,-0.5145683,0.5093987,0.014442921,26.791,-0.9454728,-0.16877596,-0.3090184
26.792,-0.337924,0.49831963,0.040965676,26.801,-0.94119674,-0.18099326,-0.3004663
26.802,-0.17360401,0.47276604,0.11178863,26.811,-0.9448619,-0.18343672,-0.29557937
26.812,-0.0464468,0.4595027,0.17557168,26.821,-0.95097053,-0.17366289,-0.2913033
26.822,0.024580956,0.47778273,0.1987462,26.831,-0.95830095,-0.16755423,-0.288249
26.832,0.034614563,0.43795133,0.21275008,26.841,-0.9644096,-0.15655866,-0.28885984
26.842,0.038847923,0.37798,0.21595693,26.851,-0.9668531,-0.15350434,-0.28519467
26.852,0.009548187,0.36041224,0.12666655,26.861,-0.9668531,-0.15778038,-0.28580552
26.862,0.0065279007,0.33568144,0.0414356,26.871,-0.9637987,-0.16388905,-0.28885984
26.872,-0.008560181,0.3121413,-0.008353949,26.881,-0.95585746,-0.1718303,-0.29191417
26.882,0.039707184,0.2548293,-0.041625023,26.891,-0.9436402,-0.17977154,-0.29252505
26.892,0.06508732,0.21786737,-0.048760295,26.901,-0.9314229,-0.1895454,-0.2913033
26.902,0.09266281,0.14278674,-0.024849772,26.911,-0.9118752,-0.19504318,-0.28641638
26.912,0.12604523,0.054909706,0.033372045,26.922,-0.90026873,-0.1962649,-0.28519467
26.923,0.140234,0.053411484,0.16596091,26.931,-0.88377535,-0.19931921,-0.288249
26.932,0.110198975,0.08247578,0.29053366,26.941,-0.8654494,-0.19870836,-0.29252505
26.942,0.032443047,0.15637386,0.4317664,26.951,-0.8483452,-0.19504318,-0.29496852
26.952,-0.03912258,0.1902194,0.4265355,26.961,-0.83124095,-0.19504318,-0.29435763
26.962,-0.123791695,0.2274611,0.36381352,26.971,-0.81963456,-0.19259971,-0.2894707
26.972,-0.19164562,0.21932805,0.35464823,26.981,-0.8043629,-0.19076711,-0.27175564
26.982,-0.2525339,0.22803342,0.26400983,26.991,-0.79703254,-0.19687577,-0.25770572
26.992,-0.31973743,0.19012809,0.20626366,27.001,-0.7897021,-0.20909306,-0.24060151
27.002,-0.37185955,0.1046356,0.21672606,27.011,-0.77748483,-0.21825606,-0.21983208
27.012,-0.4232931,-0.017310023,0.27598023,27.024,-0.7622132,-0.22008863,-0.19478661
27.025,-0.49317074,-0.08914864,0.30675125,27.031,-0.74694157,-0.22131038,-0.17096286
27.032,-0.51443195,-0.13613248,0.2982558,27.041,-0.7335025,-0.21825606,-0.14530651
27.042,-0.50740147,-0.15446746,0.30871403,27.051,-0.7200635,-0.21397999,-0.12514797
27.052,-0.49470997,-0.1638391,0.29019237,27.061,-0.7060136,-0.22008863,-0.10437855
27.062,-0.47293758,-0.14748204,0.2413485,27.071,-0.6919637,-0.22864076,-0.08849606
27.072,-0.4480133,-0.12623549,0.2642337,27.081,-0.6779138,-0.24269065,-0.07261355
27.082,-0.42000294,-0.09177089,0.26118243,27.091,-0.66997254,-0.25124276,-0.057341922
27.092,-0.37086105,-0.026133657,0.25081193,27.101,-0.65714437,-0.2616275,-0.04145943
27.102,-0.31371498,0.03459525,0.28340423,27.111,-0.6473705,-0.26590353,-0.026798662
27.112,-0.2317648,0.12158549,0.30958915,27.121,-0.63881844,-0.25612968,-0.012137897
27.127,-0.15942669,0.1712327,0.3480302,27.131,-0.61927074,-0.24879932,0.0019120034
27.132,-0.09555721,0.17021143,0.3585534,27.141,-0.6076643,-0.23597115,0.013518443
27.142,-0.040081978,0.11501372,0.3980565,27.151,-0.5985013,-0.2158126,0.030011805
27.152,-0.0061330795,0.0396446,0.44649172,27.161,-0.5887275,-0.19687577,0.04467257
27.162,-0.0344038,-0.020087838,0.49319625,27.171,-0.58261883,-0.182215,0.061165933
27.172,-0.050777435,-0.01367712,0.48708856,27.181,-0.5752884,-0.16877596,0.07643756
27.182,-0.08755684,0.0072238445,0.49295068,27.191,-0.5691798,-0.15839125,0.08743314
27.192,-0.1219511,0.014654517,0.5074527,27.201,-0.5581842,-0.14800654,0.10148303
27.202,-0.16600132,0.01728201,0.4852637,27.211,-0.54718864,-0.14128703,0.11614381
27.212,-0.22932053,0.027016997,0.48058343,27.222,-0.5349713,-0.14128703,0.13263717
27.222,-0.29654503,0.014456034,0.47618496,27.231,-0.51725626,-0.14189789,0.15279572
27.232,-0.45490265,-0.067692876,0.57475746,27.241,-0.49221078,-0.14067617,0.1778412
27.242,-0.4915228,-0.10696638,0.5860615,27.251,-0.46288925,-0.13456751,0.20471928
27.252,-0.4638338,-0.11043143,0.5505395,27.261,-0.42623734,-0.11318722,0.24931243
27.262,-0.46889687,-0.10039544,0.490968,27.271,-0.4060788,-0.096083,0.27741224
27.272,-0.47641754,-0.056119084,0.4601513,27.281,-0.39447236,-0.08081137,0.3061229
27.282,-0.4937172,0.0016198158,0.41396952,27.291,-0.38347676,-0.07042666,0.33544442
27.292,-0.49084568,0.12751126,0.37922728,27.301,-0.37125948,-0.066761464,0.3604899
27.302,-0.449893,0.20044696,0.33747435,27.311,-0.35965303,-0.07164839,0.38431364
27.312,-0.40317917,0.22828221,0.3684137,27.321,-0.34560314,-0.08081137,0.40813738
27.322,-0.32443428,0.22206032,0.44122338,27.331,-0.32361197,-0.08569829,0.43012854
27.332,-0.20866203,0.21105611,0.5888485,27.341,-0.29734477,-0.08569829,0.4484545
27.342,-0.078552246,0.23031414,0.7364876,27.351,-0.26741236,-0.067983195,0.46494785
27.352,0.028037071,0.2920394,0.8786143,27.361,-0.2405343,-0.039883398,0.47899777
27.362,0.07777691,0.35425818,0.96501064,27.371,-0.21732143,4.3370575E-4,0.48938248
27.372,0.10440636,0.42149138,0.96462953,27.381,-0.1983846,0.03158784,0.49671286
27.382,0.10423851,0.48131227,0.91085756,27.391,-0.18433471,0.057855047,0.5009889
27.392,0.1238575,0.516919,0.80803597,27.401,-0.17272827,0.0743484,0.5009889
27.402,0.14994621,0.5937692,0.6598346,27.411,-0.16723047,0.07801359,0.49365854
27.412,0.20870876,0.63564587,0.572966,27.421,-0.15501317,0.079846196,0.48327383
27.422,0.25579357,0.67290545,0.594066,27.434,-0.13241115,0.08595484,0.47288913
27.435,0.31170464,0.656518,0.6844926,27.441,-0.10492221,0.09572869,0.46006095
27.442,0.34890747,0.6002593,0.72164655,27.451,-0.07621155,0.10122647,0.44784364
27.452,0.4007826,0.5511225,0.67375433,27.461,-0.04139223,0.093285225,0.432572
27.462,0.4850769,0.52973694,0.58439803,27.471,-0.005962047,0.06579629,0.40813738
27.472,0.63616085,0.50471467,0.46991825,27.481,0.023970349,0.025479183,0.37270722
27.482,0.86940384,0.44896936,0.37950778,27.491,0.05390275,-0.016059652,0.32139453
27.492,1.1262331,0.36447304,0.37306523,27.501,0.07283957,-0.047824644,0.25664282
27.502,1.3661585,0.29004842,0.41112804,27.511,0.07345044,-0.038661666,0.18517157
27.512,1.4773436,0.21205741,0.35673606,27.521,0.04718323,0.018759668,0.11308947
27.522,1.2570562,0.22047335,0.17157769,27.531,-4.6425918E-4,0.10061561,0.05200295
27.534,0.85766125,0.2650057,-0.04276657,27.541,-0.062161647,0.18247157,0.006188059
27.542,0.38682652,0.34943205,-0.26720488,27.551,-0.15134798,0.2569971,-0.0384051
27.552,-0.07411003,0.40232974,-0.4593693,27.561,-0.19227596,0.2539428,-0.05001154
27.562,-0.4979124,0.42232674,-0.53250587,27.571,-0.22281921,0.21668002,-0.05001154
27.572,-0.8565035,0.38879675,-0.5312871,27.581,-0.24175604,0.16048041,-0.032907315
27.582,-1.0689602,0.30332714,-0.42515612,27.591,-0.24847555,0.09511783,-0.002974918
27.592,-1.1798162,0.20900065,-0.2841115,27.601,-0.24847555,0.034031294,0.03856392
27.602,-1.1399965,0.093839765,-0.13627541,27.611,-0.24603209,-0.016670518,0.08376795
27.612,-0.96850777,-0.068011045,-0.09993446,27.621,-0.24358863,-0.058209352,0.13630235
27.622,-0.69517803,-0.21948433,-0.09328258,27.631,-0.24297777,-0.08692002,0.1815064
27.632,-0.43941975,-0.36134765,-0.13183773,27.641,-0.25580594,-0.09852646,0.21938004
27.642,-0.17211437,-0.4643385,-0.17537296,27.651,-0.27535364,-0.09852646,0.2480907
27.652,0.08662319,-0.54685646,-0.18414891,27.661,-0.30162084,-0.0820331,0.26152974
27.662,0.3384571,-0.585695,-0.1718278,27.671,-0.33521843,-0.055155028,0.26336232
27.672,0.526144,-0.63543874,-0.13574648,27.681,-0.39569408,0.008985825,0.24381465
27.682,0.6372547,-0.68279374,-0.105984926,27.691,-0.43478945,0.056633316,0.22548869
27.692,0.6918802,-0.73641944,-0.060257196,27.701,-0.46960878,0.113443784,0.20288667
27.702,0.65784645,-0.7870757,-0.024814725,27.711,-0.5044281,0.16231301,0.1863933
27.712,0.5613394,-0.8452046,-1.5258789E-5,27.721,-0.5355822,0.20385185,0.17356513
27.722,0.42256546,-0.90580815,0.017381907,27.731,-0.5685689,0.22767559,0.16623476
27.732,0.2651577,-1.0086504,0.0038070679,27.741,-0.59911215,0.23500597,0.16073698
27.742,0.1486702,-1.1092081,0.024341226,27.751,-0.6308772,0.23011905,0.1601261
27.752,0.0393219,-1.1760042,0.003793478,27.761,-0.65592265,0.21729088,0.15890437
27.762,-0.06055069,-1.2003025,0.023804069,27.771,-0.6846333,0.19529974,0.15707178
27.772,-0.12962532,-1.1350806,0.010311604,27.781,-0.70967877,0.17269772,0.1497414
27.782,-0.1762371,-1.0324476,-0.017707586,27.791,-0.7347243,0.14765224,0.13508062
27.792,-0.19086742,-0.9295037,-0.047915697,27.801,-0.7554937,0.13115886,0.12041986
27.802,-0.199687,-0.84303445,-0.10037351,27.811,-0.7695436,0.11771984,0.103926495
27.812,-0.1368866,-0.75470805,-0.23124158,27.821,-0.77748483,0.10550254,0.086211406
27.822,-0.18203545,-0.72811055,-0.32208562,27.831,-0.7817609,0.08412225,0.060555067
27.832,-0.21921062,-0.71830314,-0.4259019,27.841,-0.78603697,0.068239756,0.044061705
27.842,-0.2220211,-0.73041403,-0.4964304,27.851,-0.7921456,0.048081197,0.026346613
27.852,-0.22649574,-0.7619281,-0.6014099,27.861,-0.79947597,0.030366108,0.006798925
27.862,-0.24935341,-0.73643947,-0.6357658,27.871,-0.81719106,0.013261877,-0.012137897
27.872,-0.26544,-0.71715355,-0.64871526,27.881,-0.83673877,-0.010561865,-0.031074721
27.882,-0.24014759,-0.73995256,-0.6038439,27.891,-0.8587299,-0.03438561,-0.052455004
27.892,-0.22612286,-0.74037004,-0.5551684,27.901,-0.8782776,-0.05087897,-0.072002694
27.902,-0.2040205,-0.75912184,-0.4509809,27.911,-0.90393394,-0.07042666,-0.09155038
27.912,-0.14874268,-0.707638,-0.39404726,27.921,-0.9271468,-0.08264396,-0.11048719
27.922,-0.17260742,-0.70213807,-0.21183312,27.931,-0.9485271,-0.09486127,-0.13064575
27.932,-0.18820763,-0.65192175,-0.07926178,27.945,-0.9650205,-0.11563069,-0.14836085
27.945,-0.21246624,-0.5904649,0.026022911,27.951,-0.97723776,-0.1260154,-0.16179988
27.952,-0.22718811,-0.5139979,0.12677693,27.961,-0.99250937,-0.13395664,-0.17584978
27.962,-0.21800804,-0.4380901,0.1954354,27.971,-1.0132788,-0.1364001,-0.18318017
27.972,-0.22196102,-0.32139724,0.15862691,27.981,-1.0377134,-0.13701096,-0.18989968
27.982,-0.18998146,-0.19142771,0.042755365,27.991,-1.0633698,-0.14189789,-0.20150612
27.992,-0.1066246,-0.047514185,-0.016349077,28.001,-1.0890261,-0.14128703,-0.2192212
28.002,-0.024468422,0.09897541,-0.028776526,28.011,-1.1183476,-0.14250876,-0.2454884
28.012,0.07319546,0.259315,-0.020690918,28.021,-1.1452258,-0.14189789,-0.2735882
28.022,0.13133621,0.38675046,-0.07006669,28.031,-1.1782124,-0.14189789,-0.30413148
28.032,0.16308308,0.45010254,-0.05335629,28.041,-1.2087557,-0.1400653,-0.33467475
28.042,0.13392067,0.4715219,0.0020610094,28.051,-1.2399098,-0.13823271,-0.3633854
28.052,0.07123184,0.467256,0.06832242,28.061,-1.2710639,-0.14067617,-0.39209607
28.062,0.033694267,0.4507065,0.15614212,28.071,-1.2942768,-0.13945442,-0.4146981
28.072,0.0011425018,0.36901397,0.28136897,28.081,-1.3144354,-0.1364001,-0.43607837
28.082,0.004652977,0.151111,0.41556764,28.091,-1.3290962,-0.13578925,-0.4501283
28.092,0.026285172,0.01944558,0.43662632,28.101,-1.3437569,-0.124182805,-0.460513
28.102,0.0806036,-0.136876,0.53853583,28.111,-1.3504764,-0.11318722,-0.48067155
28.112,0.10538578,-0.26726207,0.6517143,28.121,-1.3437569,-0.10219165,-0.49594316
28.122,0.13539314,-0.45263475,0.7771318,28.131,-1.3315396,-0.083865695,-0.50938225
28.132,0.10735798,-0.62669903,0.93169,28.141,-1.3089375,-0.059431084,-0.52282125
28.142,0.070531845,-0.81308675,1.1095809,28.153,-1.2808378,-0.034996476,-0.5295408
28.154,-0.009752274,-0.96751946,1.2194952,28.161,-1.248462,-0.017892249,-0.53015167
28.162,-0.079714775,-1.0416418,1.3289479,28.171,-1.2142534,-0.006285809,-0.52831906
28.172,-0.16816044,-1.0921031,1.4095881,28.181,-1.1763798,-1.7715245E-4,-0.52587557
28.182,-0.24167442,-1.1299361,1.4261318,28.191,-1.1372844,0.003488034,-0.5161018
28.192,-0.31712818,-1.1198014,1.4066632,28.201,-1.1000217,-1.7715245E-4,-0.49960837
28.202,-0.39470673,-1.1414572,1.3701504,28.211,-1.0645915,-0.0111727305,-0.47944978
28.212,-0.39805794,-1.1337919,1.2581582,28.221,-1.0285504,-0.027055226,-0.4617347
28.222,-0.35367584,-1.1331854,1.222362,28.231,-0.99250937,-0.037439935,-0.44401962
28.232,-0.26032257,-1.1402076,1.195553,28.241,-0.9515814,-0.040494263,-0.43119144
28.242,-0.15264034,-1.1518366,1.1725491,28.255,-0.90698826,-0.04232686,-0.41714156
28.256,-0.07612991,-1.1706954,1.1546307,28.261,-0.85139954,-0.031942148,-0.40675685
28.262,-0.034192085,-1.1589241,1.1240999,28.271,-0.83001924,-0.028276958,-0.39576128
28.272,-0.0030517578,-1.116593,1.065058,28.281,-0.8165802,-0.031942148,-0.3792679
28.282,0.038661003,-1.0586408,1.0322073,28.291,-0.8031412,-0.029498689,-0.36460713
28.292,0.10544491,-0.99873304,1.0596242,28.301,-0.79581076,-0.02277917,-0.34750292
28.302,0.1806202,-0.87471783,1.0918424,28.311,-0.79519993,-0.009340137,-0.33467475
28.312,0.24873924,-0.70057225,1.0924726,28.321,-0.80008686,0.012651011,-0.32429004
28.322,0.24177456,-0.5281362,1.1419612,28.331,-0.8074172,0.037085623,-0.31573793
28.332,0.22924805,-0.35885704,1.1944675,28.341,-0.8043629,0.068239756,-0.3090184
28.342,0.1993599,-0.26476738,1.2264959,28.351,-0.79642165,0.096339546,-0.2968011
28.352,0.16758823,-0.24749784,1.1833618,28.361,-0.7738196,0.11222205,-0.279086
28.362,0.17045212,-0.66982937,0.5446658,28.371,-0.72739387,0.09267437,-0.2460993
28.372,0.16253185,-0.80787134,-0.28945947,28.381,-0.6882985,0.01570534,-0.19112141
28.382,0.116119385,-0.72110045,-1.1909219,28.391,-0.70845705,-0.13090232,-0.07261355
28.392,0.22975063,-0.53040993,-1.4947126,28.401,-0.7683219,-0.40701342,-0.011527032
28.402,0.6462078,-0.46406195,-1.08111,28.411,-0.7603806,-0.53712773,0.030011805
28.412,1.3187037,-0.4726451,-0.2619021,28.421,-0.70723534,-0.5658384,0.048948627
28.422,2.0077877,-0.45276868,0.37672257,28.431,-0.6510357,-0.4790955,0.045894302
28.432,2.5564995,-0.35983709,0.7804034,28.441,-0.5966687,-0.31171843,0.014740174
28.442,2.8369026,-0.17479214,1.0409179,28.451,-0.5569625,-0.09302867,-0.04451376
28.452,2.7959003,0.049653023,0.8721417,28.461,-0.5569625,0.11405464,-0.13003488
28.462,2.341011,0.2340693,0.45983446,28.471,-0.58200794,0.26127318,-0.22716245
28.472,1.7093344,0.314728,-0.09285474,28.481,-0.6247685,0.34312913,-0.32429004
28.482,1.0614662,0.31852373,-0.5179846,28.491,-0.6852442,0.37122893,-0.4043134
28.492,0.4969263,0.34226733,-0.8961644,28.501,-0.7536611,0.36145508,-0.49777576
28.502,-0.03529644,0.3884836,-1.0330484,28.511,-0.7878695,0.311975,-0.5698579
28.512,-0.5468321,0.25753093,-1.2943361,28.521,-0.81474763,0.21790174,-0.61811626
28.522,-0.8783598,0.07974246,-1.62966,28.531,-0.8373496,0.039529085,-0.6364422
28.532,-0.9527378,-0.10347384,-1.7314937,28.541,-0.8465126,-0.039883398,-0.6187271
28.542,-0.8733511,-0.24344182,-1.6193413,28.551,-0.8422365,-0.057598487,-0.58268607
28.552,-0.7417698,-0.2956195,-1.3229239,28.564,-0.8239106,-0.036218204,-0.54297984
28.564,-0.6133499,-0.28988633,-1.0646932,28.571,-0.79642165,0.0114292875,-0.49716488
28.572,-0.5665407,-0.23016205,-0.92412555,28.581,-0.76648927,0.06579629,-0.45135
28.582,-0.60013866,-0.20477861,-0.94346046,28.591,-0.7408329,0.11100032,-0.40248078
28.592,-0.6653652,-0.21817437,-1.0149136,28.601,-0.7127331,0.14887396,-0.34750292
28.602,-0.77445126,-0.31755626,-1.06094,28.611,-0.6834116,0.16353473,-0.28763813
28.612,-0.85608673,-0.38985068,-1.0637107,28.621,-0.6455379,0.16719991,-0.22655159
28.622,-0.88050365,-0.39217722,-0.9698212,28.631,-0.6021665,0.15742609,-0.16546507
28.632,-0.8634167,-0.37633628,-0.8119974,28.641,-0.5459669,0.12260676,-0.12575883
28.642,-0.37145424,-0.12280354,-0.26983,28.651,-0.46288925,0.07068322,-0.10498941
28.652,0.15219021,0.09889877,-0.09908223,28.661,-0.37370294,0.0059314966,-0.11720672
28.665,0.65952206,0.2281509,0.17089152,28.671,-0.28207314,-0.044159453,-0.16241075
28.672,1.0850973,0.19147801,0.39301682,28.681,-0.15379144,-0.054544162,-0.20150612
28.682,1.506216,0.20687586,0.6227555,28.691,-0.08659626,-0.0038423464,-0.24976447
28.692,1.819912,0.2747417,0.67371345,28.701,-0.035283577,0.08290052,-0.30413148
28.702,1.9311419,0.27285862,0.7389922,28.711,7.574712E-4,0.1855259,-0.3456703
28.712,1.6857462,0.19316256,0.568218,28.721,0.028246408,0.28143173,-0.36766148
28.722,1.1337242,0.0224725,0.26049376,28.731,0.0459615,0.34740517,-0.3633854
28.732,0.62389183,-0.09052694,-0.085490465,28.741,0.061844,0.3840571,-0.3548333
28.742,0.159194,-0.18956101,-0.27761638,28.751,0.09116553,0.40360478,-0.3389508
28.752,-0.37453747,-0.27295274,-0.4708066,28.761,0.1265957,0.388944,-0.3181814
28.763,-0.89077854,-0.36416548,-0.6698873,28.771,0.170578,0.34618345,-0.28152946
28.772,-1.3279934,-0.42145517,-0.7814081,28.781,0.22189069,0.2905947,-0.24060151
28.782,-1.712923,-0.49840108,-0.8208668,28.791,0.28114462,0.21973434,-0.18867795
28.792,-2.005403,-0.5664546,-0.8537587,28.801,0.34162027,0.14215446,-0.124537095
28.802,-2.1913714,-0.59348977,-0.9501468,28.811,0.39781988,0.0462486,-0.053676736
28.812,-2.2329998,-0.4904928,-1.034169,28.821,0.460739,-0.09730473,0.04345084
28.822,-2.162684,-0.3667121,-1.0774393,28.831,0.4955583,-0.1895454,0.103926495
28.832,-2.025475,-0.24792743,-1.0254865,28.841,0.51938206,-0.27506652,0.15523918
28.842,-1.7348495,-0.16109788,-0.97366977,28.851,0.53831893,-0.33065525,0.19861062
28.852,-1.3101864,-0.057855666,-0.7675334,28.861,0.55542314,-0.3611985,0.2340408
28.862,-0.8299322,0.1126709,-0.5431336,28.872,0.57374907,-0.35997677,0.25969714
28.873,-0.32669258,0.27053648,-0.24299848,28.881,0.59329677,-0.33065525,0.2743579
28.882,0.13427925,0.4603657,0.062216282,28.891,0.61528796,-0.27751,0.2816883
28.892,0.51760674,0.6322493,0.31862926,28.901,0.6385008,-0.20237356,0.27557963
28.902,0.7866154,0.7787435,0.43589556,28.911,0.6592702,-0.1260154,0.27557963
28.912,0.8645239,0.7293963,0.39740658,28.921,0.6867592,-0.05271157,0.27680135
28.922,0.8398037,0.6901113,0.33038342,28.931,0.7160807,0.012040146,0.28779694
28.932,0.44758987,0.5420633,-0.033513665,28.941,0.7429588,0.0462486,0.30123597
28.942,0.22709846,0.43543553,-0.1740601,28.951,0.76739335,0.06579629,0.314675
28.952,-0.024264336,0.29725444,-0.28499246,28.961,0.8168735,0.060909368,0.33483356
28.962,-0.2615652,0.13296586,-0.36021972,28.974,0.8535254,0.03464216,0.35315952
28.975,-0.47796917,-0.0049410462,-0.4337983,28.981,0.8816252,-0.004453212,0.3708746
28.982,-0.64620686,-0.078852296,-0.47343934,28.991,0.91339016,-0.058209352,0.39103317
28.992,-0.73775005,-0.10096884,-0.48631167,29.001,0.94149,-0.10646771,0.40813738
29.003,-0.74524784,-0.061860085,-0.44072008,29.011,0.9689789,-0.1541152,0.42829594
29.012,-0.66630745,0.044922948,-0.33066404,29.021,0.9952462,-0.18526933,0.43684807
29.022,-0.50282955,0.20359683,-0.23696637,29.031,1.0251786,-0.20298442,0.44234586
29.032,-0.3491068,0.3670526,-0.17518067,29.041,1.0520566,-0.21764517,0.44540018
29.045,-0.17876434,0.5338905,-0.17650044,29.051,1.0752695,-0.2261973,0.44417843
29.052,0.0024642944,0.7020121,-0.16170561,29.061,1.0942063,-0.23169509,0.44295672
29.062,0.1587143,0.8128079,-0.064062476,29.071,1.1155865,-0.2280299,0.44356757
29.075,0.28056526,0.96921813,0.08918178,29.081,1.1369668,-0.21153653,0.44051325
29.082,0.39820957,1.1024635,0.28101945,29.091,1.1632341,-0.1840476,0.44051325
29.092,0.4340315,1.1228969,0.41436052,29.101,1.2053838,-0.12357193,0.44356757
29.102,0.40886593,1.1288035,0.5339403,29.111,1.240814,-0.08081137,0.45273057
29.112,0.34867668,1.0243101,0.63778996,29.121,1.2780768,-0.04477032,0.4673913
29.122,0.20902729,0.8915258,0.70012677,29.131,1.3147286,-0.009340137,0.48632815
29.132,0.043725967,0.77548873,0.77488554,29.141,1.3477154,0.016316205,0.50893015
29.142,-0.112683296,0.6826502,0.82583594,29.151,1.3788695,0.040750816,0.5303104
29.152,-0.24942303,0.63924426,0.8411317,29.161,1.4057475,0.05480071,0.554745
29.162,-0.4109764,0.5846062,0.8134692,29.171,1.4338473,0.06946149,0.58040136
29.172,-0.5398922,0.57381094,0.72265625,29.181,1.4552276,0.08290052,0.6023925
29.182,-0.6218405,0.59686846,0.587064,29.191,1.4668341,0.079846196,0.62804884
29.192,-0.6811075,0.6521853,0.3655728,29.201,1.4686667,0.067018025,0.64759654
29.202,-0.6855488,0.7674159,0.12416637,29.211,1.4674449,0.045637734,0.6659225
29.212,-0.5324049,0.9065776,-0.122822165,29.221,1.4704993,0.026700914,0.68424845
29.222,-0.3999653,1.0416615,-0.19973695,29.231,1.4711101,0.013872743,0.6964658
29.232,-0.22823429,1.2529316,-0.27241588,29.241,1.4668341,0.010207556,0.7086831
29.242,-0.043429375,1.4346007,-0.41453707,29.252,1.4814949,0.010818422,0.71784604
29.253,0.10181713,1.3913502,-0.4743284,29.261,1.5242554,0.012040146,0.7318959
29.262,0.20867157,1.3070263,-0.545104,29.271,1.5804551,0.0114292875,0.749611
29.272,0.45775223,1.1346605,-0.8463754,29.282,1.6641436,-0.01911398,0.7648827
29.283,0.89511967,0.77312887,-1.3313615,29.291,1.7918144,-0.11929588,0.76366097
29.292,1.5435362,0.18646045,-1.8240638,29.301,1.9329243,-0.28667295,0.7294525
29.302,2.2860746,-0.43871284,-1.9704771,29.311,2.0349388,-0.44366533,0.65126175
29.312,2.9748497,-0.7153372,-1.776282,29.321,2.047767,-0.5285756,0.53153217
29.322,3.2748222,-0.66358525,-1.7335615,29.331,1.9494176,-0.5004758,0.4130243
29.332,3.1205778,-0.42391545,-1.8227568,29.341,1.7411126,-0.3581442,0.31100982
29.342,2.5961447,-0.22037841,-1.8463287,29.351,1.5212011,-0.16877596,0.24076031
29.352,1.9496841,-0.038776744,-1.9186558,29.361,1.3513806,-0.008118406,0.19738889
29.362,1.1314468,0.062348466,-2.054011,29.371,1.2322618,0.090230905,0.19433457
29.372,0.037605286,-0.039481387,-2.0668004,29.384,1.1852252,0.103669934,0.2340408
29.385,-1.0106831,-0.34159094,-1.7183354,29.391,1.2548639,0.008374959,0.38431364
29.392,-1.8527756,-0.66389745,-1.2783704,29.401,1.3807021,-0.088141754,0.5333647
29.402,-2.4714499,-1.0320706,-0.7386135,29.411,1.5468575,-0.1980975,0.7123483
29.412,-2.8041801,-1.2985166,-0.30511463,29.421,1.7093476,-0.3104967,0.8803362
29.422,-2.6854596,-1.303231,-0.077077985,29.431,1.8412945,-0.39235264,1.0159483
29.432,-2.184105,-1.1862942,0.06975627,29.441,1.9280373,-0.4387784,1.099026
29.442,-1.4696617,-1.0174218,0.080123305,29.451,1.9561372,-0.44977397,1.1246823
29.453,-0.7478113,-0.8322393,-0.013400197,29.461,1.9029919,-0.4461088,1.1100216
29.462,-0.2138462,-0.65994614,-0.21107846,29.471,1.7881492,-0.43572408,1.0495459
29.472,0.2312851,-0.49934077,-0.36381578,29.481,1.6360438,-0.41495466,0.95302916
29.482,0.56083107,-0.37185454,-0.26359546,29.491,1.4668341,-0.37647015,0.82291484
29.492,1.1048555,-0.21954376,-0.052497685,29.501,1.3226699,-0.3508138,0.68302673
29.502,1.1134443,-0.16598696,-0.089352965,29.511,1.2182119,-0.35264638,0.5510798
29.512,1.1679668,-0.013423383,0.18012798,29.521,1.1632341,-0.35692245,0.4411241
29.522,1.1367664,0.011673212,0.37789112,29.531,1.1229169,-0.35875505,0.34766173
29.532,1.1527901,-5.148649E-4,0.8017922,29.541,1.140632,-0.3123293,0.3201728
29.542,1.1643248,-0.034729183,1.1431115,29.551,1.1693428,-0.23902547,0.31223154
29.552,1.2112608,-0.04349011,1.4323044,29.561,1.2059946,-0.13090232,0.3220054
29.562,1.2245712,0.0066860914,1.6054871,29.571,1.2371488,-0.014227055,0.3305575
29.572,1.10853,0.09758812,1.6117163,29.581,1.2713572,0.104891665,0.3342227
29.582,0.8882837,0.0802654,1.4954443,29.593,1.3000679,0.20324099,0.33361185
29.594,0.6187048,-0.042071342,1.2024941,29.601,1.340385,0.29364905,0.32078367
29.602,0.33804607,-0.16757476,1.2445939,29.611,1.3678739,0.3559573,0.30490118
29.612,-0.114328384,-0.3524438,0.86901283,29.621,1.3941411,0.38772228,0.27924484
29.622,-0.42514038,-0.48627722,0.695598,29.631,1.4149106,0.38283536,0.251145
29.632,-0.79589844,-0.67445004,0.35947394,29.641,1.430793,0.34251824,0.22243436
29.642,-1.1252728,-0.8857198,0.06644559,29.651,1.4411777,0.27043617,0.20105408
29.652,-1.3417788,-1.0400995,-0.2067647,29.661,1.4503407,0.11710898,0.17478687
29.662,-1.4321117,-1.1207637,-0.42978722,29.671,1.4601146,0.0047097653,0.16501303
29.672,-1.3872919,-1.1507741,-0.50723815,29.681,1.4741645,-0.096693866,0.16073698
29.682,-1.2143383,-1.1354687,-0.4678402,29.691,1.490047,-0.17366289,0.15096313
29.697,-0.9118681,-1.0291783,-0.32500404,29.701,1.5138707,-0.21764517,0.13508062
29.702,-0.5166893,-0.9253737,-0.1242758,29.711,1.5370836,-0.22986248,0.116754666
29.712,-0.13504124,-0.8189868,0.050846934,29.721,1.562129,-0.21153653,0.09293093
29.722,0.22013569,-0.7136208,0.14594054,29.731,1.5816767,-0.17549548,0.069107175
29.732,0.4904232,-0.61739814,0.22760761,29.741,1.5920614,-0.12540454,0.045283437
29.742,0.6794777,-0.4795493,0.29347146,29.751,1.6000028,-0.067983195,0.025124883
29.752,0.77905846,-0.34632134,0.2867974,29.761,1.598781,-0.0013988838,0.006798925
29.762,0.8288164,-0.21148145,0.28596222,29.771,1.6042788,0.067018025,-0.009083573
29.772,0.8108854,-0.11791587,0.2573048,29.781,1.6006136,0.13360232,-0.017635684
29.782,0.6822767,-0.047952652,0.083967686,29.791,1.5957266,0.19713232,-0.022522606
29.792,0.5795536,-0.1242255,-0.058878303,29.801,1.5871745,0.25944057,-0.023133472
29.802,0.42617798,-0.16400838,-0.24614108,29.811,1.5700703,0.31319672,-0.013359629
29.812,0.26413822,-0.17954063,-0.49763328,29.821,1.5529661,0.31686193,-0.012137897
29.822,0.07103634,-0.16999221,-0.6712188,29.831,1.5346401,0.3046446,-0.008472707
29.832,-0.1533432,-0.16267413,-0.75594753,29.841,1.5199794,0.26982528,-0.0103053
29.842,-0.36036873,-0.15922052,-0.8441045,29.851,1.5077621,0.2221778,-0.019468281
29.852,-0.51087475,-0.18890631,-0.95467865,29.861,1.4973774,0.16719991,-0.030463856
29.862,-0.65293026,-0.23494422,-1.0676975,29.871,1.4845492,0.10122647,-0.04878981
29.872,-0.63840485,-0.24639523,-1.1974726,29.881,1.4637798,0.037085623,-0.056731064
29.882,-0.60366154,-0.2422545,-1.2506975,29.891,1.4375125,-0.016059652,-0.06772664
29.892,-0.5736294,-0.21581924,-1.1990321,29.901,1.4094127,-0.04843551,-0.07811135
29.902,-0.46291447,-0.1576634,-1.1406448,29.911,1.3788695,-0.066150606,-0.083609134
29.912,-0.33227158,-0.07810789,-1.1500434,29.921,1.345272,-0.08142223,-0.09032865
29.922,-0.2534666,-0.053807616,-1.154522,29.931,1.3165612,-0.09302867,-0.09704816
29.932,-0.12705517,0.038384676,-1.1510282,29.941,1.2792984,-0.10952203,-0.10498941
29.942,-0.01417923,0.19177723,-1.1272867,29.951,1.213325,-0.12540454,-0.1263697
29.952,0.12948036,0.29088703,-1.022538,29.961,1.1693428,-0.12051761,-0.14774998
29.962,0.27200413,0.36515635,-0.883637,29.971,1.1290256,-0.10524598,-0.16302161
29.972,0.3621521,0.3183543,-0.8145797,29.981,1.0893193,-0.079589635,-0.17768237
29.982,0.43242264,0.21557897,-0.7815578,29.991,1.0557218,-0.04965724,-0.18989968
29.992,0.47807598,0.10984191,-0.80869365,30.003,1.0282328,-0.019724842,-0.20333871
30.004,0.4631796,-0.04777527,-0.83237904,30.011,1.0062417,0.013872743,-0.21983208
30.012,0.34707832,-0.18939766,-0.80394673,30.021,0.9952462,0.043805145,-0.23815805
30.022,0.19077301,-0.29493073,-0.77697337,30.031,0.9793636,0.06335283,-0.25831658
30.032,0.019207,-0.2663681,-0.837586,30.041,0.97020066,0.06579629,-0.2827512
30.042,-0.15592384,-0.2613611,-0.8680343,30.051,0.96592456,0.05480071,-0.3090184
30.052,-0.29652405,-0.2688108,-0.9313754,30.061,0.97203326,0.02853351,-0.33833992
30.062,-0.41364574,-0.30841216,-1.0856435,30.071,0.98363966,-0.0068966746,-0.36277455
30.072,-0.37447643,-0.3713482,-1.0679483,30.081,1.0013548,-0.056987625,-0.39331782
30.082,-0.30959225,-0.37672818,-0.92299575,30.091,1.0172373,-0.14922827,-0.42263934
30.092,-0.23142624,-0.24072775,-0.7013544,30.105,1.0147938,-0.23780373,-0.406146
30.106,-0.030719757,-0.027852766,-0.5153858,30.111,0.9928026,-0.31110758,-0.36094195
30.112,0.4688959,0.27353403,-0.088478446,30.121,0.96714634,-0.31782708,-0.32001397
30.122,1.0541077,0.61864513,0.44439566,30.131,0.95431817,-0.27140132,-0.28763813
30.132,1.4656572,0.9421175,0.654094,30.141,0.9286618,-0.18893452,-0.26809043
30.142,1.7541084,1.2326319,0.9114438,30.151,0.91583365,-0.08753089,-0.24732101
30.152,1.863328,1.4120412,1.0761323,30.161,0.9109467,0.029755242,-0.22471899
30.162,1.8006916,1.4213957,1.1032617,30.171,0.9072815,0.15192828,-0.18989968
30.172,1.7039242,1.4817314,1.0462002,30.181,0.8810143,0.26921442,-0.16302161
30.182,1.4903793,1.440569,0.89485157,30.191,0.8425298,0.3522921,-0.13919787
30.192,1.1321659,1.3108629,0.72894454,30.201,0.7961041,0.39566353,-0.12698056
30.202,0.71591854,1.175629,0.53015435,30.211,0.73562837,0.41093516,-0.11537412
30.212,0.33722115,0.9710779,0.3860942,30.221,0.6769853,0.42131987,-0.10376768
30.222,7.7819824E-4,0.7767124,0.38705313,30.231,0.6165097,0.4225416,-0.09765904
30.232,-0.264843,0.57938397,0.47895372,30.241,0.5487036,0.42131987,-0.087885186
30.242,-0.46205902,0.39890665,0.6281775,30.251,0.51816034,0.41093516,-0.0805548
30.252,-0.64482117,0.26198626,0.8556906,30.261,0.5267125,0.37794843,-0.06894836
30.262,-0.7955227,0.15273058,1.0521353,30.271,0.546871,0.3174728,-0.05184414
30.272,-0.88833714,0.17426208,1.0968684,30.281,0.5682513,0.2203452,-0.023744337
30.282,-0.9071121,0.37365502,1.0874003,30.291,0.587799,0.10061561,0.023292286
30.292,-0.7925472,0.7007467,0.9985107,30.301,0.6055141,-0.02155744,0.08560054
30.302,-0.5615158,1.0736873,1.024203,30.312,0.62384003,-0.10768944,0.13813496
30.312,-0.19643784,1.4116873,1.147138,30.321,0.6476638,-0.1559478,0.16623476
30.322,0.1573677,1.5779779,1.3340445,30.331,0.67820704,-0.16694337,0.16928908
30.332,0.4528637,1.4163262,1.5819639,30.341,0.7295197,-0.12112847,0.14180015
30.342,0.94714546,0.63199615,2.025963,30.351,0.7802215,-0.025833495,0.086211406
30.352,0.9238863,0.37706983,1.8988746,30.361,0.80709964,0.06762888,0.021459691
30.362,0.71577835,0.29191494,1.6662171,30.371,0.79060626,0.13910013,-0.045124624
30.372,0.44342232,0.37404782,1.5205138,30.381,0.724022,0.21240395,-0.138587
30.382,0.073563576,0.5028393,1.3657944,30.391,0.66476804,0.23011905,-0.17951497
30.392,-0.30042076,0.647948,1.1823705,30.401,0.61345536,0.23622769,-0.19845179
30.402,-0.604578,0.75948685,1.0670187,30.413,0.57985777,0.23011905,-0.19906266
30.414,-0.82839584,0.8614272,1.0446371,30.421,0.56092095,0.22950819,-0.18745622
30.422,-0.9908638,0.9050354,1.054379,30.431,0.5688622,0.23500597,-0.17462805
30.432,-1.1457806,0.9069576,1.020545,30.441,0.60612494,0.21545827,-0.15508036
30.442,-1.3238087,0.8388065,0.78005075,30.451,0.6562159,0.1659782,-0.12820229
30.452,-1.4371452,0.8506258,0.5839946,30.461,0.70141995,0.101837344,-0.09582643
30.465,-1.4191961,0.8784072,0.4410212,30.471,0.737461,0.045026876,-0.062228847
30.472,-1.3525896,0.8066887,0.37938714,30.481,0.75578696,-0.0075075403,-0.024355203
30.484,-1.1416225,0.75033617,0.2969029,30.491,0.7478457,-0.04843551,0.0019120034
30.492,-0.8746052,0.66489124,0.31428957,30.501,0.7252437,-0.07287012,0.013518443
30.502,-0.59535694,0.5401231,0.40086722,30.512,0.6843157,-0.077757046,0.015351038
30.513,-0.33683395,0.44143653,0.56019425,30.531,0.5670296,0.030366108,-0.0017531887
30.527,-0.12878132,0.50008655,0.74182034,30.526,0.61284447,-0.025833495,0.010464117
30.532,-0.04156208,0.6079271,0.83398056,30.541,0.5303777,0.08228966,-0.013359629
30.544,-0.022515297,0.680446,0.82039833,30.551,0.5065539,0.10916772,-0.028631259
30.552,0.037776947,0.71916306,0.72816133,30.561,0.49433658,0.12688282,-0.039626833
30.562,0.07937527,0.750878,0.66580844,30.571,0.48273015,0.13604578,-0.04878981
30.572,0.093608856,0.73659194,0.5614002,30.581,0.4747889,0.14704138,-0.057341922
30.582,0.10690212,0.79589355,0.57265687,30.591,0.4656259,0.16903251,-0.06283972
30.592,0.06686592,0.85585546,0.5810065,30.601,0.45951727,0.19346714,-0.064672306
30.603,-0.038424492,0.87476957,0.5395,30.611,0.44363478,0.21668002,-0.055509333
30.613,-0.20671177,0.8789846,0.45053434,30.621,0.4204219,0.22523212,-0.043902893
30.622,-0.37269783,0.87520885,0.2250452,30.631,0.39965248,0.22339952,-0.024355203
30.632,-0.8083954,0.603245,0.010915518,30.641,0.37827218,0.19346714,-0.0041966494
30.642,-0.91844845,0.49448335,-0.22474575,30.651,0.35567018,0.139711,0.020848826
30.652,-0.9117737,0.46318507,-0.3624704,30.661,0.3147422,0.054189853,0.03856392
30.662,-0.8560276,0.45757425,-0.3984927,30.671,0.29275104,0.0010445714,0.045894302
30.672,-0.76581097,0.45813155,-0.30482388,30.681,0.27381423,-0.034996476,0.046505168
30.682,-0.6513529,0.4653803,-0.16351795,30.691,0.26526213,-0.056987625,0.045894302
30.692,-0.48234653,0.4682237,-0.023838997,30.701,0.25671,-0.066150606,0.041618243
30.702,-0.29195976,0.46635854,0.085417986,30.711,0.25182307,-0.06309628,0.03673132
30.712,-0.099043846,0.4907471,0.18224216,30.723,0.24815789,-0.0539333,0.031233534
30.723,-0.007596016,0.4969728,0.25648618,30.731,0.2408275,-0.039272532,0.025735747
30.732,0.034036636,0.5436504,0.36011267,30.741,0.23410799,-0.020335708,0.025124883
30.742,0.01991558,0.6190721,0.41133165,30.751,0.22677761,4.3370575E-4,0.025735747
30.752,0.008739471,0.7063818,0.365726,30.761,0.21333857,0.023646586,0.027568344
30.762,-0.05334568,0.7853842,0.25307035,30.771,0.19989954,0.04319428,0.0318444
30.772,-0.1664753,0.7916534,0.17555308,30.781,0.18401703,0.054189853,0.04039651
30.782,-0.3093691,0.7412977,0.1172204,30.791,0.17118886,0.057244174,0.051392086
30.792,-0.4487238,0.6991739,0.10755277,30.801,0.16141503,0.041361682,0.07216151
30.802,-0.5730915,0.68284595,0.14227057,30.811,0.15408464,0.0040988997,0.08437881
30.812,-0.6337385,0.64367664,0.22205496,30.824,0.15041944,-0.014837921,0.09965044
30.824,-0.58601284,0.58798695,0.26021457,30.831,0.14492166,-0.01911398,0.11186774
30.832,-0.56842995,0.5288725,0.3139856,30.841,0.13514782,-0.018503115,0.12103073
30.842,-0.53532696,0.5270847,0.3182037,30.851,0.12537397,-0.02155744,0.12530679
30.852,-0.52750015,0.5034108,0.3104825,30.861,0.111934945,-0.02277917,0.12958284
30.862,-0.534091,0.47453237,0.31089067,30.871,0.09849591,-0.03438561,0.13324803
30.872,-0.5840759,0.45719492,0.3060789,30.881,0.087500334,-0.05087897,0.13874581
30.882,-0.63328934,0.46223724,0.27383065,30.891,0.07222871,-0.073480986,0.14729793
30.892,-0.68188953,0.43137312,0.29958057,30.901,0.06428746,-0.10158078,0.15890437
30.902,-0.7036371,0.4101684,0.43278098,30.911,0.06306573,-0.11807415,0.16867822
30.912,-0.6336651,0.3963567,0.58792305,30.921,0.06734178,-0.13090232,0.1815064
30.922,-0.58554363,0.38292682,0.5931661,30.931,0.069785245,-0.13701096,0.1918911
30.932,-0.56633854,0.3789035,0.5704286,30.941,0.07222871,-0.14250876,0.21204965
30.942,-0.56313133,0.3778975,0.5465486,30.951,0.06673092,-0.14250876,0.22609955
30.952,-0.59377766,0.3877312,0.56605697,30.961,0.0600114,-0.14922827,0.24259292
30.962,-0.632946,0.44190085,0.5460272,30.971,0.051459286,-0.15655866,0.2584754
30.972,-0.66877747,0.51073205,0.52750254,30.981,0.039241984,-0.16938683,0.2743579
30.982,-0.7131491,0.58169746,0.5846944,30.991,0.02274862,-0.18526933,0.2884078
30.992,-0.6978874,0.6619097,0.610167,31.001,0.010531314,-0.19748664,0.30001426
31.002,-0.6229172,0.7690904,0.64927745,31.011,-0.006572912,-0.20176268,0.30245772
31.012,-0.51767063,0.92083,0.6781175,31.021,-0.023066273,-0.20420614,0.30062512
31.022,-0.4227152,1.062551,0.72639036,31.031,-0.03772704,-0.20481703,0.292073
31.032,-0.30692768,1.180805,0.800215,31.041,-0.043224826,-0.1980975,0.28352088
31.043,-0.15340328,1.2454519,0.84995437,31.051,-0.04627915,-0.17977154,0.2725253
31.052,-0.019407272,1.268521,0.9141886,31.061,-0.04627915,-0.14556308,0.26336232
31.062,0.088106155,1.2479271,0.8839488,31.071,-0.04994434,-0.111354634,0.260308
31.072,0.11742973,1.1407287,0.88755655,31.081,-0.054831266,-0.06309628,0.25725368
31.082,0.113036156,1.0157652,0.86765003,31.091,-0.06643771,0.005320631,0.28229916
31.092,0.04262638,0.87619066,0.8188696,31.101,-0.07437895,0.051135525,0.30306858
31.102,-0.012970924,0.68611205,0.70429254,31.111,-0.06643771,0.07495927,0.32628146
31.112,-0.06155491,0.48064387,0.574353,31.121,-0.038337905,0.06946149,0.34766173
31.122,-0.055952072,0.37171268,0.3570094,31.133,0.009309584,0.005320631,0.35804644
31.134,0.07435036,0.36475515,-0.06945205,31.141,0.09055466,-0.12968059,0.3513269
31.142,0.40556335,0.2845025,-0.5323632,31.151,0.19806693,-0.31904882,0.3201728
31.152,0.92741776,0.08590126,-0.6547116,31.161,0.30802268,-0.48764762,0.2725253
31.162,1.5044088,-0.15814501,-0.34944785,31.171,0.37705046,-0.5566754,0.2218235
31.172,2.0541573,-0.33484864,-0.07611704,31.181,0.38071564,-0.5163583,0.16806735
31.182,2.4906158,-0.41372895,-0.06758022,31.191,0.31413135,-0.39723957,0.13019371
31.192,2.3182182,-0.6257316,-0.7322961,31.201,0.20906252,-0.2542971,0.112478614
31.202,1.8518896,-0.6642451,-0.9929571,31.211,0.1021611,-0.13884357,0.11308947
31.212,1.2606783,-0.7355977,-1.0274255,31.221,0.019083427,-0.047824644,0.14485447
31.222,0.5797386,-0.870798,-0.82277775,31.231,-0.0261206,0.06152024,0.2480907
31.236,-0.065449715,-1.0794404,-0.5053966,31.241,0.012363911,0.11283291,0.3409422
31.242,-0.6171551,-1.3180234,-0.3255781,31.251,0.08933293,0.13360232,0.4380698
31.252,-0.95259476,-1.5094447,-0.2715782,31.261,0.19318002,0.11222205,0.52786696
31.262,-1.038907,-1.6159117,-0.2627821,31.271,0.30130318,0.073126666,0.6060577
31.272,-0.99832153,-1.6651015,-0.31540036,31.281,0.4027068,0.02853351,0.66347903
31.282,-0.8341923,-1.545793,-0.3919176,31.291,0.4802867,-0.016670518,0.7007418
31.292,-0.58941364,-1.2834336,-0.5402218,31.301,0.52121466,-0.049046375,0.72151124
31.302,-0.28139687,-1.0242248,-0.61938274,31.311,0.53770804,-0.073480986,0.7184569
31.312,0.027931213,-0.8730507,-0.62678075,31.321,0.5291559,-0.085087426,0.6964658
31.322,0.2443428,-0.78925157,-0.5627246,31.331,0.5071648,-0.0802005,0.66470075
31.332,0.36335468,-0.81633276,-0.4911728,31.341,0.47601062,-0.052100703,0.63232493
31.342,0.4128809,-0.9277611,-0.44669306,31.351,0.4430239,-0.014227055,0.6042251
31.352,0.45637417,-0.9986712,-0.50410044,31.361,0.4167567,0.016316205,0.57673615
31.362,0.48166752,-1.0728829,-0.5858605,31.371,0.4008742,0.052357256,0.54436034
31.372,0.48633862,-1.1467472,-0.73157966,31.381,0.38560256,0.04930293,0.532143
31.382,0.43839645,-1.1812509,-0.8988539,31.391,0.37705046,0.038307354,0.52114743
31.392,0.3891592,-1.1573226,-0.96599346,31.401,0.3605571,0.030366108,0.5150388
31.402,0.38064384,-1.1009573,-0.9168469,31.411,0.34223112,0.03464216,0.50954103
31.412,0.50295544,-1.0006053,-0.8069056,31.421,0.31352046,0.0462486,0.5040432
31.422,0.63300514,-0.8863687,-0.6815896,31.431,0.28419894,0.0743484,0.49793458
31.432,0.7412729,-0.7683397,-0.45566952,31.441,0.24327096,0.11710898,0.49121508
31.442,0.82564926,-0.66115564,-0.27438605,31.451,0.19745608,0.16964337,0.4838847
31.452,0.9019346,-0.56302,-0.13051713,31.461,0.15408464,0.23317337,0.4783869
31.462,0.89964676,-0.49469024,-0.0068581104,31.471,0.11376754,0.30586633,0.4673913
31.472,0.79859257,-0.40851066,0.013299942,31.481,0.08933293,0.36817458,0.4557849
31.482,0.31242752,-0.4002733,-0.11417413,31.491,0.07833736,0.41826555,0.44295672
31.492,0.07166386,-0.4032833,-0.33233905,31.501,0.069785245,0.43170458,0.42890683
31.502,-0.22364998,-0.3931462,-0.5336313,31.511,0.08200255,0.39749613,0.40202874
31.512,-0.5195532,-0.4480939,-0.6164224,31.521,0.09849591,0.34984863,0.3904223
31.522,-0.7373276,-0.45538664,-0.7062813,31.531,0.11254581,0.27898827,0.37698326
31.532,-0.9169607,-0.46855628,-0.8227607,31.544,0.11865447,0.20201924,0.36537683
31.544,-1.0193262,-0.5097001,-0.83773744,31.551,0.12231966,0.12199589,0.34888348
31.552,-1.0227509,-0.5697306,-0.80089056,31.561,0.119265325,0.052968122,0.32811406
31.562,-0.98573303,-0.6267399,-0.68216944,31.571,0.11682187,-0.0068966746,0.30551204
31.572,-0.8733034,-0.71296066,-0.54862034,31.581,0.11376754,-0.047824644,0.2780231
31.582,-0.7652645,-0.79532975,-0.39983582,31.591,0.11682187,-0.077757046,0.24686897
31.592,-0.64344025,-0.84917235,-0.26333678,31.601,0.12476312,-0.0979156,0.2181583
31.602,-0.587821,-0.9066192,-0.14250565,31.611,0.12903917,-0.10463511,0.18883677
31.612,-0.5514498,-0.86965084,-0.018321753,31.621,0.14553253,-0.1101329,0.1619587
31.622,-0.5427227,-0.7946747,-9.891987E-4,31.631,0.16874541,-0.13212405,0.13691323
31.632,-0.51531506,-0.7357608,-0.006398678,31.641,0.20112127,-0.16083471,0.11308947
31.647,-0.4406786,-0.68208855,0.09314656,31.651,0.2493796,-0.18160413,0.07827016
31.652,-0.2912016,-0.632955,0.13254237,31.661,0.2829772,-0.17977154,0.052613817
31.662,-0.14658642,-0.58716273,0.115909815,31.671,0.30130318,-0.1803824,0.025124883
31.672,-0.0034627914,-0.50646156,0.028649092,31.681,0.30130318,-0.17610635,-0.004807513
31.682,0.15144539,-0.39561707,-0.04594779,31.691,0.29030758,-0.16633251,-0.032907315
31.692,0.30263424,-0.25926,-0.05301702,31.701,0.26526213,-0.14861742,-0.06528318
31.702,0.41910267,-0.12990355,-0.011203289,31.711,0.23655145,-0.11624155,-0.09765904
31.712,0.5167513,-0.006179571,0.12104869,31.721,0.20845164,-0.08081137,-0.13247834
31.722,0.52017784,0.081573784,0.25732434,31.731,0.18584964,-0.05087897,-0.15996729
31.732,0.4150648,0.12848312,0.4122634,31.741,0.17729752,-0.022168305,-0.18501276
31.742,0.24213219,0.18242317,0.5403533,31.751,0.17974098,-0.0032314807,-0.21250169
31.752,0.07185364,0.22283614,0.6543083,31.761,0.18707137,0.008374959,-0.23815805
31.762,-0.17368889,0.27953416,0.66252553,31.771,0.19379088,0.01570534,-0.26809043
31.772,-0.27313614,0.2239371,0.5870025,31.781,0.1919583,0.026090048,-0.2986337
31.782,-0.35090637,0.17280865,0.47561324,31.791,0.17302147,0.023646586,-0.33223128
31.792,-0.3989029,0.09253919,0.3585832,31.801,0.15347378,0.016316205,-0.34750292
31.802,-0.39073563,0.0065390468,0.3740201,31.811,0.13270436,0.009596691,-0.35727677
31.812,-0.34785748,-0.02334845,0.44754684,31.821,0.118043594,0.0040988997,-0.35972023
31.822,-0.24388313,0.002731204,0.5250387,31.831,0.10643716,-7.880181E-4,-0.3633854
31.832,-0.16489792,-0.06067401,0.72464585,31.841,0.09971764,0.0077640936,-0.3719375
31.842,-0.036358833,-0.17944705,0.97284985,31.852,0.10093937,0.03158784,-0.37987876
31.853,0.088251114,-0.34124008,1.1099226,31.861,0.09238726,0.06518542,-0.38537657
31.862,0.13134003,-0.507429,1.1756215,31.871,0.0899438,0.1024482,-0.3896526
31.872,0.13608932,-0.62176585,1.1684313,31.881,0.074061304,0.12688282,-0.3896526
31.882,0.14287663,-0.67464983,1.0829549,31.891,0.052070152,0.13910013,-0.3884309
31.892,0.12506008,-0.67459905,1.0091863,31.901,0.029468136,0.139711,-0.39026347
31.902,0.13259125,-0.61983466,0.94727683,31.911,7.574712E-4,0.13787839,-0.39576128
31.912,0.1557455,-0.5774971,0.8679342,31.921,-0.032840118,0.13299146,-0.40003732
31.922,0.2004509,-0.6032722,0.80721664,31.931,-0.082931064,0.13421321,-0.40797856
31.932,0.23444748,-0.65210843,0.74573565,31.941,-0.11530692,0.13848925,-0.40858945
31.942,0.18244553,-0.7476228,0.7367823,31.954,-0.1458502,0.14093271,-0.4165307
31.955,0.14857483,-0.82209265,0.7528341,31.961,-0.1721174,0.14765224,-0.4165307
31.962,0.09349632,-0.9426664,0.8195512,31.971,-0.18861076,0.16048041,-0.41347635
31.972,0.06290054,-1.0951123,0.8067632,31.981,-0.19777374,0.15986955,-0.40186992
31.982,0.08507824,-1.2277737,0.6493089,31.991,-0.20754759,0.14154357,-0.3829331
31.992,0.074534416,-1.3400655,0.44972372,32.001,-0.21548884,0.08717657,-0.3603311
32.002,0.11167526,-1.4853753,0.15926838,32.011,-0.22770613,0.008985825,-0.32001397
32.012,0.21608162,-1.593566,-0.23224807,32.021,-0.24603209,-0.10524598,-0.26625782
32.022,0.4094286,-1.623248,-0.67748106,32.031,-0.2637472,-0.23658201,-0.20028439
32.032,0.69969845,-1.5293057,-0.9280621,32.041,-0.27657536,-0.35692245,-0.13125661
32.042,1.5436802,-1.0355574,-0.33398986,32.051,-0.26924497,-0.40945685,-0.07017009
32.053,1.9283085,-0.81433016,0.33750272,32.061,-0.21854316,-0.3630311,-0.026798662
32.062,2.0761642,-0.7076173,0.9424741,32.071,-0.13974154,-0.14495221,-0.00664011
32.072,1.9286242,-0.7197297,1.1198907,32.081,-0.0035185856,0.027922645,-0.024355203
32.082,1.5719261,-0.8258672,1.0070615,32.091,0.06428746,0.18613675,-0.061007116
32.092,0.9397173,-0.93230593,0.5416508,32.101,0.11010235,0.29303816,-0.10193509
32.102,0.21880817,-0.9574136,0.01380229,32.111,0.12720656,0.34740517,-0.1489717
32.112,-0.48916435,-0.90685356,-0.56215334,32.121,0.11682187,0.34374,-0.19600834
32.122,-1.1221743,-0.78235304,-1.1489798,32.131,0.08505688,0.2820426,-0.23388198
32.132,-1.723597,-0.69361615,-1.6760116,32.141,0.030689867,0.16231301,-0.25709486
32.142,-2.1370473,-0.65846133,-2.1200135,32.151,-0.02734233,-0.02155744,-0.25709486
32.152,-2.274393,-0.6659417,-2.3270886,32.161,-0.07315722,-0.21947777,-0.2460993
32.162,-1.9776773,-0.5413444,-2.1865206,32.171,-0.09759183,-0.38807657,-0.23449284
32.172,-1.4143105,-0.4006766,-1.6732211,32.181,-0.09698097,-0.4827607,-0.21311256
32.182,-0.80430126,-0.2483353,-0.96159816,32.191,-0.08598539,-0.472376,-0.18501276
32.192,-0.22996426,-0.04882219,-0.31216705,32.201,-0.05544213,-0.40090474,-0.15752383
32.202,0.18655586,0.18190585,0.13405871,32.211,-0.011459834,-0.29400334,-0.12881316
32.212,0.38691616,0.3355521,0.27075195,32.221,0.0459615,-0.15045,-0.07750048
32.222,0.51154613,0.44598612,0.17694354,32.231,0.0899438,-0.052100703,-0.04878981
32.232,0.6586466,0.5405296,0.07199907,32.241,0.10765889,0.034031294,-0.031685587
32.242,0.6291189,0.56057876,-0.24587214,32.251,0.111934945,0.09939388,-0.028020393
32.252,0.5684624,0.6664046,-0.6112714,32.263,0.08505688,0.12810454,-0.03718337
32.264,0.49251938,0.82121295,-1.0197918,32.271,0.056957074,0.12749368,-0.06039625
32.272,0.40540028,0.95136726,-1.2335737,32.281,0.02274862,0.1061134,-0.09399384
32.282,0.3341179,1.0892384,-1.3482816,32.291,-0.013903295,0.06029851,-0.13370007
32.292,0.34404373,1.2470754,-1.3819542,32.301,-0.046890017,0.012040146,-0.17707151
32.302,0.43171406,1.3550156,-1.241616,32.311,-0.057274725,-0.02522263,-0.2228864
32.312,0.56529427,1.4282223,-1.0309856,32.321,-0.059718188,-0.050268106,-0.26564696
32.322,0.95863247,1.4606475,-0.37873685,32.331,-0.043224826,-0.042937722,-0.3090184
32.332,1.1492271,1.4425004,-0.11193359,32.341,-0.01695762,-0.014227055,-0.3456703
32.342,1.229702,1.3347437,0.04981959,32.351,0.006866124,0.030976973,-0.3719375
32.352,1.2315025,1.2469387,0.20797968,32.361,0.06612005,0.107945986,-0.40797856
32.366,1.1767235,1.1303935,0.15430427,32.371,0.1039937,0.15742609,-0.42752627
32.372,0.9737749,0.9763459,0.09876907,32.381,0.14064561,0.1855259,-0.4391327
32.382,0.7011461,0.8120873,-0.033982277,32.391,0.17363232,0.18796936,-0.43730012
32.392,0.39296818,0.6640307,-0.14317644,32.401,0.20967337,0.15742609,-0.43485665
32.402,0.14073658,0.5142682,-0.14666975,32.411,0.24876875,0.12382849,-0.42813712
32.412,-0.07119942,0.35712624,-0.122033834,32.421,0.29458365,0.093285225,-0.41775241
32.422,-0.24281502,0.20371318,-0.0025749207,32.431,0.34223112,0.08290052,-0.40186992
32.432,-0.37136078,0.11890727,0.09252238,32.441,0.37888306,0.09878301,-0.38171136
32.442,-0.54735756,0.11738104,0.098642826,32.451,0.40392852,0.11588725,-0.35055724
32.452,-0.742177,0.14985299,0.05647993,32.461,0.41920015,0.13726753,-0.31390533
32.462,-0.92949295,0.2430942,-0.04026532,32.471,0.43019572,0.14337617,-0.2754208
32.472,-1.1252213,0.36830574,-0.18050206,32.481,0.4308066,0.130548,-0.23388198
32.482,-1.3119459,0.48196542,-0.33833146,32.491,0.42653054,0.1024482,-0.18745622
32.492,-1.4803762,0.57650834,-0.46579015,32.501,0.42408708,0.02303572,-0.122704506
32.502,-1.6306567,0.6478881,-0.5494503,32.511,0.41736755,-0.054544162,-0.0805548
32.512,-1.7326164,0.6938614,-0.6445942,32.521,0.40331766,-0.1364001,-0.045735482
32.522,-1.7515559,0.7268521,-0.72802746,32.531,0.38926777,-0.21214738,-0.01458136
32.532,-1.6298237,0.75252604,-0.7679937,32.541,0.36666575,-0.2720122,0.013518443
32.542,-1.4640112,0.73619974,-0.82710695,32.551,0.33856595,-0.32393572,0.039174784
32.552,-1.1677561,0.78428257,-0.8867234,32.561,0.30313575,-0.36058766,0.05383555
32.562,-0.84708214,0.8612212,-0.82055795,32.571,0.25793174,-0.37036148,0.06483112
32.572,-0.4546976,0.95604074,-0.76544094,32.581,0.21394944,-0.35570073,0.06544199
32.582,-0.054717064,1.043948,-0.60387254,32.591,0.17363232,-0.32882264,0.055668145
32.592,0.27191067,1.0917408,-0.4575411,32.601,0.1424782,-0.29217073,0.04833776
32.602,0.5287733,1.095067,-0.27423346,32.611,0.117432736,-0.24269065,0.04039651
32.612,0.7856207,1.0052346,0.0012750626,32.621,0.09788505,-0.19015625,0.032455266
32.622,0.8053789,0.988503,0.056627274,32.631,0.082613416,-0.12723713,0.023903152
32.632,0.7090864,0.9417678,0.1183666,32.641,0.069785245,-0.047824644,0.021459691
32.642,0.5519619,0.86080813,0.10251236,32.651,0.05756794,-0.004453212,0.025735747
32.652,0.38237667,0.8084458,0.12031543,32.661,0.055124477,0.037085623,0.03306613
32.662,0.19185925,0.68438697,0.1397568,32.672,0.056957074,0.06946149,0.042839974
32.673,-0.06289387,0.50336885,0.14143717,32.681,0.06489832,0.08290052,0.059333336
32.682,-0.3296156,0.2805754,0.20850337,32.691,0.075283036,0.07679186,0.080713615
32.692,-0.5536432,0.010654092,0.3416109,32.701,0.09544159,0.048692062,0.10881342
32.702,-0.6899328,-0.2328788,0.48188674,32.711,0.11865447,0.0059314966,0.13813496
32.712,-0.71835804,-0.40231967,0.66063297,32.721,0.1443108,-0.03438561,0.1637913
32.722,-0.62918186,-0.5174997,0.84870493,32.731,0.16996714,-0.060652815,0.18456072
32.732,-0.4914322,-0.565843,1.0466914,32.741,0.19073656,-0.06126368,0.20288667
32.742,-0.31893253,-0.54270834,1.1774874,32.751,0.20784079,-0.050268106,0.21632572
32.752,-0.14369488,-0.49752516,1.3365915,32.761,0.21761462,-0.024611767,0.22243436
32.762,-0.018009186,-0.4297613,1.4756298,32.772,0.23655145,0.005320631,0.22426696
32.772,0.08103275,-0.4071064,1.6109055,32.781,0.26404038,0.03891822,0.22609955
32.782,0.16308498,-0.35200083,1.7039193,32.791,0.31229874,0.1061134,0.22609955
32.792,0.19758892,-0.27588296,1.7042048,32.801,0.33734423,0.16231301,0.22915387
32.802,0.17590714,-0.1702084,1.6253114,32.811,0.35567018,0.20934963,0.23526253
32.812,0.07026291,0.0021486878,1.477166,32.821,0.36177883,0.24477983,0.24320377
32.822,-0.070568085,0.22075838,1.2436811,32.831,0.36972007,0.25944057,0.25664282
32.832,-0.23748493,0.41994625,1.0518098,32.841,0.37827218,0.26188403,0.27313617
32.842,-0.3888731,0.6164683,0.8766458,32.851,0.38987863,0.25333193,0.28291002
32.852,-0.5212259,0.79901165,0.7642503,32.861,0.3923221,0.23134077,0.29512733
32.862,-0.66952515,0.9366362,0.66424894,32.871,0.3904895,0.20690617,0.31589675
32.872,-0.81953716,0.9679303,0.56837153,32.881,0.3758287,0.184915,0.33483356
32.882,-0.8465977,1.0069067,0.6240654,32.891,0.35933536,0.16231301,0.34033135
32.892,-0.9422083,1.146347,0.43916607,32.901,0.34223112,0.13176975,0.3446074
32.902,-0.9353514,1.1829928,0.39848256,32.911,0.31962913,0.103059076,0.34949434
32.912,-0.8391876,1.2390107,0.37737155,32.921,0.28603154,0.080457054,0.35682473
32.922,-0.69078445,1.267273,0.35490727,32.931,0.23349713,0.05357898,0.36476597
32.932,-0.4340334,1.2851228,0.35069656,32.942,0.20295386,0.046859466,0.3604899
32.942,-0.18709373,1.2428575,0.27713394,32.951,0.18096271,0.04747033,0.3501052
32.954,0.03580761,1.2010438,0.24269986,32.961,0.17913012,0.038307354,0.33300096
32.965,0.13753796,1.1122985,0.24353194,32.971,0.19806693,0.024257451,0.31956193
32.972,0.22560883,1.0441828,0.17029238,32.981,0.23166452,-0.0075075403,0.31039897
32.982,0.3593235,0.9578552,-0.07898927,32.991,0.25060135,-0.051489837,0.29940337
32.992,0.6760073,0.7946671,-0.42504954,33.001,0.2780903,-0.13029146,0.27741224
33.002,1.1664448,0.5786588,-0.7372787,33.011,0.30924442,-0.22497556,0.23831686
33.012,1.737217,0.34165478,-0.77290285,33.021,0.33673334,-0.31294015,0.1778412
33.022,2.2787676,0.21069092,-0.64116764,33.031,0.33001384,-0.3489812,0.103926495
33.032,2.6631193,0.1728285,-0.5353422,33.041,0.27686855,-0.30988583,0.034898728
33.042,2.800992,0.15479016,-0.3976797,33.051,0.18035185,-0.19137797,-0.017635684
33.052,2.650712,0.15137863,-0.38193023,33.061,0.06489832,-0.02277917,-0.062228847
33.062,2.2981253,0.2052058,-0.48085833,33.071,-0.0823202,0.19529974,-0.07750048
33.072,1.7475004,0.33949476,-0.7156116,33.082,-0.14462847,0.3113641,-0.064672306
33.083,0.97028255,0.31935614,-0.8506303,33.091,-0.16173269,0.40482652,-0.021300875
33.092,0.13113308,0.10873479,-0.82754064,33.101,-0.1318003,0.4488088,0.052613817
33.102,-0.65261745,-0.20269817,-0.87001514,33.111,-0.05544213,0.42987198,0.14241101
33.112,-1.304554,-0.49447018,-0.93593955,33.121,0.025802946,0.34435084,0.23770599
33.122,-1.7124386,-0.6285092,-1.1050645,33.131,0.09605245,0.22278866,0.31956193
33.132,-1.8243527,-0.59761196,-1.2900361,33.141,0.14369993,0.090230905,0.3708746
33.142,-1.5911875,-0.39392772,-1.300934,33.151,0.16691281,-0.024611767,0.38248107
33.152,-1.216917,-0.13837361,-1.2906286,33.161,0.14980859,-0.10219165,0.36720943
33.162,-0.83219624,0.085590065,-1.3251626,33.171,0.097274184,-0.15045,0.32322714
33.172,-0.20400238,0.17781591,-1.2374576,33.185,0.024581214,-0.17732808,0.2676384
33.186,-0.08111954,0.11261165,-1.1809087,33.191,-0.06155078,-0.18771279,0.20471928
33.192,0.031162262,-0.016468316,-1.1749872,33.201,-0.15501317,-0.18893452,0.14790879
33.202,0.23590755,-0.13785306,-1.1678923,33.211,-0.2741319,-0.1785498,0.06483112
33.212,0.46648026,-0.32759997,-1.1049225,33.221,-0.3266663,-0.1559478,0.022070557
33.222,0.6032896,-0.5253899,-0.8917173,33.231,-0.35110092,-0.13029146,0.006798925
33.232,0.64872646,-0.7935475,-0.6618049,33.241,-0.36453995,-0.107078575,0.020848826
33.242,0.7426672,-0.8902128,-0.5058967,33.251,-0.37370294,-0.09852646,0.048948627
33.252,0.79506683,-0.90307,-0.23976612,33.261,-0.37675726,-0.077757046,0.08254622
33.262,0.8565159,-0.8334429,0.10392749,33.271,-0.37553552,-0.030109555,0.1179764
33.272,0.8796158,-0.7485832,0.31928957,33.281,-0.38347676,0.023646586,0.15157399
33.282,0.84285927,-0.6510586,0.3367753,33.291,-0.40485707,0.07129408,0.18089552
33.292,0.7891426,-0.54458266,0.14078844,33.301,-0.43295684,0.10000474,0.19861062
33.302,0.7061157,-0.49131256,-0.017448187,33.311,-0.46166754,0.12505022,0.21388225
33.312,0.6296129,-0.44456428,-0.16014516,33.321,-0.49098906,0.15376088,0.22426696
33.322,0.5022297,-0.43587595,-0.31852114,33.331,-0.51725626,0.18186069,0.22793216
33.332,0.30479717,-0.4503262,-0.44442677,33.341,-0.5355822,0.19163454,0.2303756
33.342,0.06687355,-0.5119439,-0.5467442,33.351,-0.5496321,0.18063897,0.23098648
33.352,-0.16764832,-0.5478712,-0.6150757,33.361,-0.54718864,0.15315002,0.22732128
33.362,-0.39310837,-0.5995748,-0.63586867,33.371,-0.5404691,0.10977859,0.22548869
33.372,-0.5966053,-0.56765115,-0.58874834,33.381,-0.5441343,0.06335283,0.2199909
33.382,-0.77579117,-0.48362175,-0.59207714,33.391,-0.5551299,4.3370575E-4,0.21021706
33.392,-0.8938322,-0.40158904,-0.5284369,33.401,-0.56795806,-0.06126368,0.19861062
33.402,-0.89803314,-0.3529738,-0.4949422,33.411,-0.58139706,-0.11929588,0.18333898
33.412,-0.80864143,-0.33952335,-0.42024636,33.421,-0.5966687,-0.16205645,0.1637913
33.422,-0.65529156,-0.323219,-0.36921906,33.431,-0.6119403,-0.19504318,0.14118928
33.432,-0.5096321,-0.35093844,-0.31758416,33.441,-0.6253794,-0.22375384,0.12530679
33.442,-0.4050932,-0.38856325,-0.27293324,33.451,-0.6339315,-0.24452326,0.10942429
33.452,-0.30556583,-0.41704467,-0.05543983,33.461,-0.63515323,-0.25368622,0.092320055
33.462,-0.20726204,-0.4927736,0.051329613,33.471,-0.63454235,-0.2610166,0.077659294
33.472,-0.18676567,-0.5053712,0.14896655,33.481,-0.6308772,-0.2616275,0.06299853
33.482,-0.14340782,-0.52067256,0.2045213,33.494,-0.6296554,-0.26040575,0.044061705
33.494,-0.06159115,-0.47454494,0.24399543,33.501,-0.6247685,-0.25368622,0.02817921
33.502,0.0024251938,-0.41564038,0.2601657,33.511,-0.6278228,-0.24757758,0.010464117
33.512,0.08699036,-0.34193802,0.30412698,33.521,-0.6278228,-0.23719287,-0.00664011
33.522,0.14424801,-0.2785165,0.34334457,33.531,-0.63454235,-0.2225321,-0.032907315
33.532,0.20893955,-0.24168313,0.42648363,33.541,-0.64004016,-0.19931921,-0.058563653
33.542,0.2417078,-0.21704319,0.4556595,33.551,-0.6449271,-0.16877596,-0.08544172
33.552,0.27373886,-0.17839524,0.413548,33.561,-0.65470093,-0.13762183,-0.11476326
33.562,0.24635124,-0.1438444,0.39114797,33.571,-0.6687508,-0.10891117,-0.14958258
33.572,0.15108013,-0.07079089,0.3301239,33.581,-0.68768764,-0.09852646,-0.1807367
33.582,0.006781578,-0.00909251,0.25625587,33.591,-0.70723534,-0.112576365,-0.20333871
33.598,-0.113879204,0.014590561,0.18865073,33.601,-0.7188418,-0.13578925,-0.22227554
33.602,-0.1475668,0.010088861,0.18797398,33.611,-0.72372866,-0.14922827,-0.23632544
33.612,-0.12045765,-0.015101999,0.15402997,33.621,-0.7328917,-0.16205645,-0.24732101
33.622,-0.11866188,-0.07951659,0.09727955,33.631,-0.74144375,-0.19076711,-0.25342965
33.632,-0.12687492,-0.19117403,0.08292961,33.641,-0.758548,-0.20298442,-0.25526226
33.642,-0.08735371,-0.30876523,0.10101068,33.651,-0.7707653,-0.20298442,-0.2528188
33.652,-0.014219284,-0.38986355,0.059139013,33.661,-0.7829826,-0.19931921,-0.2460993
33.662,0.036317825,-0.41132864,0.055134654,33.671,-0.803752,-0.20359528,-0.24365583
33.672,0.04136181,-0.37839112,0.04802668,33.681,-0.83124095,-0.20115182,-0.2460993
33.682,0.08839798,-0.4158774,0.09933448,33.691,-0.8568973,-0.20359528,-0.24671015
33.692,0.13189602,-0.4433809,0.18303716,33.701,-0.8886623,-0.20176268,-0.24060151
33.702,0.15996838,-0.4302765,0.27349925,33.711,-0.92470336,-0.19137797,-0.23449284
33.712,0.18709087,-0.39699063,0.4369558,33.721,-0.962577,-0.18099326,-0.23021677
33.722,0.24562073,-0.3759022,0.6203493,33.731,-1.0022832,-0.1626673,-0.22777334
33.732,0.31532764,-0.32410684,0.7784368,33.741,-1.043822,-0.13334578,-0.23082766
33.742,0.49329758,-0.14309856,1.053785,33.751,-1.0920805,-0.089974344,-0.24060151
33.752,0.5402546,-0.039461955,1.0321301,33.761,-1.1421714,-0.033774745,-0.26564696
33.762,0.547287,0.0704346,0.9027791,33.771,-1.2014253,0.026090048,-0.2913033
33.772,0.56225586,0.13406594,0.7736838,33.781,-1.2942768,0.10977859,-0.33039868
33.782,0.56272507,0.21970746,0.76711965,33.791,-1.3486438,0.1781955,-0.37621358
33.792,0.3749094,0.22482437,0.5687691,33.803,-1.3950696,0.20385185,-0.42813712
33.804,0.2280693,0.18863836,0.35549068,33.811,-1.4372193,0.21240395,-0.483115
33.812,0.07779312,0.11903088,0.3354758,33.821,-1.461043,0.2221778,-0.54297984
33.822,-0.07224655,-0.05368892,0.36358225,33.831,-1.4726495,0.23195165,-0.6046772
33.832,-0.25068474,-0.3152239,0.34138894,33.841,-1.4805907,0.22706473,-0.6590442
33.842,-0.41939545,-0.58169895,0.16034079,33.851,-1.4866993,0.19957578,-0.70424825
33.852,-0.55705357,-0.81571054,-0.086814284,33.861,-1.5038036,0.15986955,-0.746398
33.862,-0.63875484,-1.0288068,-0.2728659,33.871,-1.5154101,0.10855686,-0.7818281
33.872,-0.6730957,-1.2568562,-0.48628736,33.881,-1.5251839,0.04441601,-0.80809534
33.882,-0.58615875,-1.4087241,-0.6775737,33.891,-1.5306817,-0.02644436,-0.8221452
33.892,-0.43083858,-1.6107085,-0.7571575,33.904,-1.5178535,-0.08447656,-0.8264213
33.905,-0.12566471,-1.6881734,-0.82645345,33.911,-1.497695,-0.13884357,-0.8349734
33.912,0.16406631,-1.7741222,-1.1480895,33.921,-1.474482,-0.22375384,-0.79404545
33.922,0.38133717,-1.8223817,-1.4155834,33.931,-1.4812016,-0.2982794,-0.7317372
33.932,0.5704107,-1.7217282,-1.8215742,33.941,-1.5031928,-0.38746572,-0.63766396
33.942,0.74910736,-1.4044076,-2.0428228,33.951,-1.542899,-0.45832607,-0.51488
33.952,0.9048567,-0.8428625,-2.0142245,33.961,-1.5813835,-0.48337156,-0.39392868
33.962,1.1597815,-0.1953741,-1.6528338,33.971,-1.602153,-0.43450233,-0.29924455
33.972,1.4889784,0.40212888,-1.0903934,33.981,-1.57894,-0.31660536,-0.23754716
33.982,1.6792307,0.6802366,-0.3980536,33.991,-1.4952515,-0.1522826,-0.21250169
33.992,1.6890192,0.68699884,0.31954062,34.001,-1.3962914,0.018759668,-0.21799949
34.007,1.5134115,0.72048783,0.5578835,34.011,-1.3321505,0.14398703,-0.25953832
34.012,1.1050749,0.8615005,0.32292545,34.021,-1.320544,0.20201924,-0.3285661
34.022,0.18546963,1.271206,-0.1598059,34.031,-1.3529199,0.19468886,-0.41530895
34.032,-0.25371838,1.4251345,-0.40959728,34.041,-1.4133955,0.1482631,-0.50754964
34.042,-0.5576887,1.4998946,-0.6533803,34.051,-1.4952515,0.057855047,-0.5979577
34.052,-0.6311836,1.4765031,-0.92142045,34.061,-1.6113158,-0.096083,-0.7268503
34.062,-0.52490425,1.3710098,-0.956829,34.071,-1.6644611,-0.18465847,-0.8044301
34.072,-0.37812138,1.2315754,-0.94465286,34.081,-1.6956153,-0.24696672,-0.8710145
34.082,-0.2297306,1.0946108,-0.77652043,34.091,-1.6980587,-0.2805643,-0.91805106
34.092,-0.10105419,0.9688132,-0.62174195,34.101,-1.6760676,-0.3056098,-0.9388205
34.102,-0.16544437,0.8570827,-0.50431675,34.111,-1.6430808,-0.32515746,-0.9302684
34.112,-0.23414516,0.7606764,-0.30628073,34.121,-1.5990986,-0.33798563,-0.891173
34.122,-0.28076458,0.6923709,0.014487863,34.131,-1.5374012,-0.3312661,-0.83252996
34.132,-0.26611233,0.7041974,0.49828625,34.141,-1.4683734,-0.3123293,-0.75678265
34.142,-0.2656889,0.6697657,0.72011936,34.151,-1.3944588,-0.29400334,-0.6730941
34.152,-0.10503197,0.6224247,0.8707739,34.161,-1.3309287,-0.2616275,-0.60223377
34.162,0.11544418,0.5334823,0.90964055,34.171,-1.2765617,-0.22558644,-0.5551971
34.172,0.3504324,0.42603374,0.92751527,34.181,-1.2411315,-0.1840476,-0.5277082
34.182,0.5785866,0.32605362,0.8976158,34.191,-1.2136426,-0.14617395,-0.5179343
34.192,0.723403,0.22972381,0.86116326,34.201,-1.175769,-0.09241781,-0.5380929
34.202,0.86097145,0.12040067,1.0057063,34.213,-1.1690495,-0.04843551,-0.56497097
34.214,0.9358759,0.04408908,0.91349137,34.221,-1.1653843,0.007153228,-0.59856856
34.222,0.9200754,0.012209177,0.8808949,34.231,-1.1690495,0.06457456,-0.63033354
34.232,0.74038315,1.3947487E-5,0.94622827,34.241,-1.1763798,0.11771984,-0.6523247
34.242,0.4542446,0.039142728,0.9420507,34.251,-1.1776016,0.15803695,-0.6700398
34.252,0.15006924,0.16230166,0.8771261,34.261,-1.170882,0.17697376,-0.673705
34.262,-0.190444,0.29363346,0.78709257,34.271,-1.1519452,0.17880636,-0.67065066
34.272,-0.5078783,0.40168524,0.68508244,34.281,-1.1317867,0.17941722,-0.6559899
34.282,-0.7974367,0.42078388,0.55517316,34.291,-1.1067412,0.16231301,-0.63216615
34.292,-1.0238457,0.37517107,0.42490363,34.301,-1.0725328,0.12932628,-0.59307075
34.302,-1.1972113,0.32346773,0.32342649,34.311,-1.0383242,0.090230905,-0.54297984
34.316,-1.4400234,0.1793195,0.22259772,34.321,-1.0053376,0.039529085,-0.48067155
34.322,-1.3972702,0.10311282,0.14395428,34.331,-0.9821247,-0.020335708,-0.42386106
34.332,-1.2487335,0.04322946,0.11472821,34.341,-0.9540249,-0.09486127,-0.3444486
34.342,-1.0225534,0.003624916,0.12891626,34.351,-0.9466945,-0.1260154,-0.30290976
34.352,-0.80010605,0.005273819,0.10329199,34.361,-0.94425106,-0.14189789,-0.26747957
34.362,-0.5463486,0.023604393,-0.01143682,34.371,-0.95585746,-0.1522826,-0.24854276
34.372,-0.26928902,0.009442568,-0.11062312,34.381,-0.97051823,-0.15900213,-0.23632544
34.382,-0.009436607,-7.1907043E-4,-0.18035483,34.391,-0.9876225,-0.16144559,-0.2351037
34.392,0.22273636,-0.03182602,-0.22716975,34.401,-1.0041158,-0.1522826,-0.23449284
34.402,0.37717438,-0.07081056,-0.18168223,34.411,-1.0132788,-0.13334578,-0.23754716
34.412,0.44096184,-0.07387781,-0.105831146,34.421,-1.0175549,-0.10158078,-0.24060151
34.422,0.43348122,-0.0459013,-0.015182972,34.431,-1.0163331,-0.067983195,-0.24243408
34.432,0.36907387,0.021594286,0.04003334,34.441,-1.0157223,-0.0380508,-0.2460993
34.442,0.27650166,0.058955908,0.04446566,34.451,-1.0126679,-0.018503115,-0.24732101
34.452,0.12563324,0.08193898,0.036245704,34.461,-1.0132788,-0.009950999,-0.2460993
34.462,-0.032299995,0.070530176,0.008063436,34.471,-1.0102245,-0.016059652,-0.23999062
34.472,-0.16770267,0.05623579,0.011606932,34.481,-0.9992289,-0.036218204,-0.22716245
34.482,-0.31683922,0.08499026,0.0063893795,34.491,-0.99128765,-0.054544162,-0.21677776
34.492,-0.4245777,0.13024163,-0.0113607645,34.501,-0.97784865,-0.08325483,-0.20761478
34.502,-0.5150204,0.1378696,-0.058475614,34.511,-0.9644096,-0.11746328,-0.20150612
34.512,-0.54989624,0.18412662,-0.13557518,34.521,-0.95463574,-0.15655866,-0.19723006
34.522,-0.49692535,0.22454262,-0.18480122,34.531,-0.9473054,-0.1895454,-0.1966192
34.532,-0.41697693,0.20731401,-0.18766713,34.541,-0.93814236,-0.22131038,-0.19478661
34.542,-0.32084084,0.15774274,-0.1334908,34.551,-0.9344772,-0.24269065,-0.19173227
34.552,-0.19639301,0.12754774,-0.077286124,34.561,-0.93692064,-0.25674057,-0.18562362
34.562,-0.069906235,0.10398841,0.0028185844,34.571,-0.9295903,-0.25368622,-0.17768237
34.572,0.022953033,0.017697334,0.12097621,34.581,-0.92225987,-0.23597115,-0.16974112
34.582,0.07166386,-0.0044391155,0.22311151,34.591,-0.9112643,-0.21703431,-0.16179988
34.592,0.114557266,0.027897596,0.2756915,34.601,-0.90026873,-0.19565403,-0.15569122
34.602,0.07270813,0.10968995,0.22465348,34.611,-0.8923275,-0.17916067,-0.15080431
34.612,0.04781246,0.20492148,0.13031042,34.622,-0.8941601,-0.16694337,-0.14530651
34.623,0.017044067,0.27907443,0.06949735,34.631,-0.88927317,-0.16694337,-0.14652824
34.632,-0.028047562,0.30742574,0.029188633,34.641,-0.8911058,-0.16755423,-0.14103046
34.642,-0.07683754,0.31705832,-0.01823175,34.651,-0.8904949,-0.16511077,-0.13675441
34.652,-0.13284016,0.3245585,-0.026308775,34.661,-0.8929384,-0.16327818,-0.13003488
34.662,-0.17337036,0.33498335,-0.059669733,34.671,-0.8959927,-0.1626673,-0.121482775
34.672,-0.20566463,0.37121677,-0.105011106,34.681,-0.90210134,-0.16816509,-0.112930655
34.682,-0.24539948,0.3627205,-0.13309622,34.691,-0.9118752,-0.16938683,-0.10193509
34.692,-0.2662201,0.32056475,-0.12642336,34.701,-0.9204273,-0.17488462,-0.08910692
34.702,-0.3113432,0.24144483,-0.026018262,34.711,-0.9259251,-0.17977154,-0.073224425
34.712,-0.33175755,0.15563965,0.029220223,34.724,-0.9271468,-0.18160413,-0.05917452
34.724,-0.36805725,0.09878564,0.082182646,34.731,-0.92103815,-0.17916067,-0.040848564
34.732,-0.39753437,0.049750566,0.13617778,34.741,-0.9124861,-0.17793894,-0.017635684
34.742,-0.40952396,0.030456543,0.16147077,34.751,-0.90332305,-0.17610635,0.006188059
34.752,-0.44706917,0.04075241,0.23940206,34.761,-0.8929384,-0.17488462,0.044061705
34.762,-0.5176306,0.016134262,0.33406878,34.771,-0.86667114,-0.17488462,0.074604966
34.772,-0.5516052,-0.008477926,0.4422207,34.781,-0.8459017,-0.1718303,0.1057591
34.782,-0.53815746,-0.03891301,0.5047568,34.791,-0.8232997,-0.16022384,0.13691323
34.792,-0.4735222,-0.05003369,0.57353413,34.801,-0.7939782,-0.14983913,0.16806735
34.802,-0.4462576,-0.037228465,0.64632344,34.811,-0.7738196,-0.13701096,0.19311284
34.812,-0.420269,-0.023654103,0.6844003,34.821,-0.7548828,-0.11807415,0.21876916
34.822,-0.36191082,-0.010419011,0.75534606,34.831,-0.735946,-0.10219165,0.23709513
34.832,-0.3488903,0.030512333,0.7828407,34.841,-0.7231178,-0.08753089,0.25603193
34.842,-0.32974434,0.04529369,0.7897295,34.851,-0.7115114,-0.07042666,0.27496877
34.852,-0.3080349,0.062817454,0.78661466,34.861,-0.6968506,-0.04965724,0.29329473
34.862,-0.29204464,0.080555916,0.81034327,34.871,-0.6840224,-0.031331282,0.31284243
34.872,-0.22437954,0.11057353,0.7858869,34.881,-0.66936165,-0.015448786,0.3256706
34.882,-0.14335155,0.213902,0.7924124,34.891,-0.65714437,0.0040988997,0.34033135
34.892,-0.11569309,0.26298213,0.7678497,34.901,-0.64187276,0.026090048,0.35560298
34.902,-0.080503464,0.36857927,0.80602944,34.911,-0.6278228,0.046859466,0.36415508
34.912,-0.0460186,0.4785267,0.83271456,34.921,-0.6162164,0.06946149,0.36843115
34.922,-0.017860413,0.64037323,0.86023843,34.931,-0.6101078,0.09267437,0.3708746
34.932,0.003862381,0.8079411,0.83994734,34.941,-0.6064426,0.114665516,0.37209636
34.942,0.027580261,0.92558014,0.8163748,34.951,-0.5917818,0.12993714,0.37026376
34.952,0.06161976,1.0315716,0.7894249,34.961,-0.58261883,0.13910013,0.3696529
34.962,0.12610722,1.1566403,0.69010687,34.971,-0.5710124,0.14643049,0.3659877
34.972,0.24613476,1.2188371,0.63027,34.981,-0.5557407,0.15253916,0.35499212
34.982,0.35701752,1.2454811,0.5395231,34.991,-0.54657775,0.16414559,0.34338567
34.992,0.39414597,1.2154729,0.46402812,35.001,-0.5380257,0.1781955,0.3342227
35.002,0.43169022,1.0908664,0.45230365,35.011,-0.52886266,0.19652146,0.3250597
35.012,0.5222597,0.91622686,0.37023544,35.021,-0.51542366,0.20140839,0.30734462
35.022,0.70618916,0.7538731,0.16375208,35.033,-0.500152,0.17514116,0.27313617
35.033,1.0462589,0.58893406,-0.13782382,35.041,-0.48732388,0.12321762,0.20899533
35.042,1.4463568,0.3577025,-0.36317933,35.051,-0.48060435,0.06457456,0.06422026
35.052,1.7599669,0.06821215,-0.44986737,35.061,-0.500152,0.09756128,-0.039015967
35.062,1.7901087,-0.14121228,-0.42658055,35.071,-0.54535604,0.18980193,-0.12759143
35.072,1.4938602,-0.21170175,-0.41215122,35.081,-0.608886,0.2942599,-0.17584978
35.082,0.9214363,-0.20539212,-0.53341186,35.091,-0.681579,0.3626768,-0.19784093
35.092,0.22385025,-0.11515337,-0.80007374,35.101,-0.7603806,0.3486269,-0.18684535
35.102,-0.48047733,-0.042072177,-1.1555085,35.111,-0.822078,0.24722329,-0.14408478
35.112,-1.0335817,-0.108097196,-1.3184873,35.121,-0.8587299,0.10061561,-0.06528318
35.122,-1.2847843,-0.25768822,-1.1129273,35.131,-0.8611734,-0.02277917,0.023903152
35.132,-1.1674137,-0.3826388,-0.6261159,35.141,-0.8373496,-0.10646771,0.110646024
35.142,-0.80116844,-0.5304496,-0.1758101,35.151,-0.8049738,-0.13151318,0.19250196
35.152,-0.35564804,-0.76398313,0.29825568,35.161,-0.78420436,-0.09730473,0.2548102
35.162,0.33572006,-1.2833796,0.23018003,35.171,-0.7762631,-0.03438561,0.30123597
35.172,0.43326664,-1.4838114,0.04405594,35.181,-0.77870655,0.022424862,0.33483356
35.182,0.43840504,-1.6461759,-0.17666364,35.191,-0.81352586,0.08228966,0.33544442
35.192,0.41375065,-1.7551304,-0.30885553,35.201,-0.84895605,0.103669934,0.31039897
35.202,0.38730526,-1.8487034,-0.29018593,35.211,-0.88805145,0.1201633,0.27680135
35.212,0.3710127,-1.9405257,-0.23165178,35.221,-0.92470336,0.12993714,0.23953858
35.222,0.38152027,-2.004908,-0.15299058,35.231,-0.95952266,0.13665667,0.21021706
35.232,0.4080391,-1.9951297,-0.083124876,35.244,-0.9827356,0.14520878,0.18333898
35.245,0.4614401,-1.8543524,-0.010035038,35.251,-0.99495286,0.16903251,0.16440216
35.252,0.443985,-1.6847829,0.061121702,35.261,-0.9882333,0.20324099,0.15279572
35.262,0.36078548,-1.5483572,0.07279062,35.271,-0.9662422,0.23561683,0.13935669
35.272,0.16737175,-1.455177,0.011468172,35.281,-0.9332555,0.26127318,0.12591764
35.282,-0.07407951,-1.3699312,-0.091599226,35.291,-0.90149045,0.27715567,0.112478614
35.292,-0.31375408,-1.3363092,-0.23356605,35.301,-0.8758341,0.26677096,0.099039584
35.302,-0.5176163,-1.2402817,-0.3702252,35.311,-0.8550647,0.24783415,0.077659294
35.312,-0.7038412,-1.1253062,-0.5548327,35.321,-0.8422365,0.20201924,0.049559493
35.322,-0.8340483,-1.0674943,-0.7057898,35.331,-0.83551705,0.10550254,0.00496633
35.332,-0.92009735,-1.0460285,-0.8363234,35.341,-0.8428474,0.018148802,-0.027409527
35.342,-0.96547794,-0.98825413,-0.8764082,35.351,-0.853843,-0.07409185,-0.059785385
35.352,-0.96067905,-0.9029148,-0.8522135,35.361,-0.86972547,-0.16144559,-0.08910692
35.362,-0.85154533,-0.78651625,-0.7312269,35.371,-0.8849971,-0.23047334,-0.12026104
35.372,-0.67102146,-0.6408448,-0.56815004,35.381,-0.8972144,-0.28972727,-0.14958258
35.382,-0.48933697,-0.50689536,-0.37153554,35.391,-0.90821,-0.32576832,-0.17646064
35.392,-0.29026031,-0.38816187,-0.1258223,35.401,-0.9161512,-0.32760093,-0.19478661
35.402,-0.11241245,-0.25993633,0.10825229,35.411,-0.92653596,-0.30622065,-0.21250169
35.413,0.057902336,-0.10639475,0.32621098,35.421,-0.92836857,-0.26956874,-0.23571458
35.422,0.22693253,0.08271795,0.4921348,35.431,-0.9289794,-0.2225321,-0.26076004
35.432,0.30146313,0.20469122,0.5776999,35.441,-0.930812,-0.17121942,-0.28214034
35.442,0.31507015,0.18620785,0.6364794,35.451,-0.92836857,-0.124182805,-0.29924455
35.452,0.31548786,0.16429363,0.540926,35.461,-0.9338663,-0.085087426,-0.31207272
35.462,0.27501202,0.06204948,0.5083668,35.471,-0.9503597,-0.052100703,-0.31879225
35.472,0.2473278,-0.026250258,0.44742823,35.481,-0.96135527,-0.032553013,-0.3163488
35.482,0.23572159,-0.08657548,0.4574995,35.491,-0.97418344,-0.0111727305,-0.3163488
35.492,0.199543,-0.18602005,0.47851944,35.501,-0.9888442,0.010207556,-0.32245743
35.502,0.16512585,-0.2591889,0.5020869,35.511,-0.99373114,0.03158784,-0.3340639
35.512,0.14802074,-0.3414483,0.49109793,35.521,-0.9870116,0.05174639,-0.34994638
35.522,0.09790325,-0.4035346,0.4122076,35.531,-0.97540516,0.07129408,-0.3719375
35.532,0.029107094,-0.47228605,0.36010528,35.541,-0.95707923,0.08106793,-0.3982047
35.542,-0.05857563,-0.54107666,0.31290746,35.551,-0.9332555,0.08228966,-0.42080674
35.552,-0.1545515,-0.5784271,0.31566167,35.561,-0.90821,0.07129408,-0.4427979
35.562,-0.27700043,-0.6119264,0.37766933,35.571,-0.88682973,0.05480071,-0.45562607
35.572,-0.3853054,-0.6511327,0.46220422,35.581,-0.86850375,0.033420436,-0.46478903
35.582,-0.46042156,-0.6561291,0.45001817,35.591,-0.8605625,0.005320631,-0.46417817
35.592,-0.45107841,-0.6593202,0.3778124,35.601,-0.8605625,-0.02155744,-0.4617347
35.602,-0.35848904,-0.60816383,0.34857893,35.611,-0.8611734,-0.045992047,-0.46295646
35.612,-0.22332096,-0.4805363,0.387316,35.621,-0.8605625,-0.07103752,-0.4599021
35.622,-0.10542011,-0.3435263,0.5215349,35.631,-0.85139954,-0.06981579,-0.45929125
35.632,0.0055160522,-0.2380027,0.7316437,35.641,-0.8324627,-0.055765893,-0.45379347
35.642,0.10385513,-0.21886107,0.9037552,35.653,-0.81047153,-0.01911398,-0.44646308
35.653,0.1938057,-0.26536316,1.1024964,35.661,-0.7835935,0.027922645,-0.4354675
35.662,0.23252487,-0.335445,1.1593103,35.671,-0.76160234,0.06946149,-0.42263934
35.672,0.2521782,-0.4557513,1.1825602,35.681,-0.7390003,0.10977859,-0.4128655
35.682,0.23835659,-0.54758555,1.1617315,35.691,-0.72067434,0.139711,-0.3988156
35.692,0.1907692,-0.6640858,1.1231034,35.701,-0.70906794,0.17147598,-0.37865704
35.702,0.047221184,-0.8209509,1.0916309,35.711,-0.6986832,0.194078,-0.35788763
35.712,-0.027384758,-0.92217946,1.0074248,35.721,-0.6882985,0.20751703,-0.34505945
35.722,-0.22242641,-0.9602875,0.8786416,35.731,-0.67547035,0.2185126,-0.3407834
35.732,-0.33443832,-0.94354624,0.81448793,35.741,-0.65409005,0.21912348,-0.33833992
35.742,-0.4571476,-0.86893123,0.74806595,35.751,-0.6339315,0.19285628,-0.35666588
35.756,-0.5745115,-0.79720384,0.6903918,35.761,-0.6003339,0.15498263,-0.3725484
35.762,-0.6795664,-0.7659594,0.6553502,35.771,-0.5758993,0.09939388,-0.39270693
35.772,-0.74763584,-0.75133085,0.6863527,35.781,-0.5514647,0.045637734,-0.4073677
35.782,-0.75594425,-0.7585503,0.716099,35.791,-0.522754,0.0047097653,-0.41958502
35.792,-0.70172215,-0.7685208,0.74804354,35.801,-0.4989303,-0.02522263,-0.42752627
35.802,-0.67926025,-0.7555822,0.7620044,35.811,-0.46777618,-0.045381185,-0.43119144
35.812,-0.67277145,-0.7365135,0.7368622,35.821,-0.44150898,-0.061874546,-0.42813712
35.822,-0.6487026,-0.709371,0.70116496,35.831,-0.41402003,-0.07592445,-0.41958502
35.832,-0.6083174,-0.69791186,0.5856781,35.841,-0.38958544,-0.107078575,-0.41042203
35.842,-0.49950886,-0.7151716,0.49522734,35.851,-0.3565987,-0.14739567,-0.3982047
35.852,-0.37524223,-0.79705274,0.4774661,35.861,-0.3266663,-0.18771279,-0.38537657
35.862,-0.20068836,-0.8383268,0.48402095,35.871,-0.30711862,-0.21886691,-0.37010494
35.872,0.020616531,-0.85908055,0.5399668,35.881,-0.29062524,-0.22986248,-0.35238984
35.882,0.18540096,-0.83596903,0.61220837,35.891,-0.28207314,-0.2243647,-0.33467475
35.892,0.30948734,-0.7665714,0.70358324,35.901,-0.2863492,-0.19198884,-0.3145162
35.902,0.45106125,-0.6456255,0.67268825,35.911,-0.291847,-0.17366289,-0.3004663
35.912,0.5282974,-0.63277566,0.5844085,35.921,-0.2686341,-0.17121942,-0.279086
35.922,0.6495075,-0.75439656,0.3379655,35.931,-0.23198219,-0.20542789,-0.23449284
35.932,0.7846346,-0.7587211,-0.16046715,35.941,-0.22709528,-0.2891164,-0.17279546
35.942,0.8173685,-0.56578505,-0.69681096,35.951,-0.25152987,-0.4228959,-0.10560028
35.952,0.8255701,-0.4867444,-0.75095105,35.963,-0.23564738,-0.5444581,-0.039015967
35.963,1.1272888,-0.6453632,-0.117991686,35.971,-0.18677816,-0.5682818,0.024514018
35.972,1.5687504,-0.78982794,0.66496205,35.981,-0.13302203,-0.46138042,0.0917092
35.982,1.9054117,-0.86314434,1.4240813,35.991,-0.072546355,-0.27751,0.13385889
35.992,1.9958744,-0.8426745,1.975884,36.001,-0.012681564,-0.07287012,0.14913052
36.002,1.958909,-0.6630616,1.8584282,36.011,0.02152689,0.11038945,0.12469591
36.012,1.2563705,-0.35336614,1.366693,36.021,0.024581214,0.248445,0.077659294
36.022,0.647213,-0.34707624,0.9078431,36.031,0.00992045,0.3382422,0.015961904
36.032,-0.069643974,-0.40663758,0.45906997,36.041,-0.035283577,0.3553464,-0.06161798
36.042,-0.77637386,-0.5587192,-0.019139528,36.051,-0.07743328,0.29303816,-0.09888075
36.052,-1.2524862,-0.5373514,-0.27643967,36.065,-0.10553308,0.1763629,-0.14530651
36.065,-1.6489959,-0.5662037,-0.36911392,36.071,-0.09942443,0.023646586,-0.17646064
36.072,-1.721633,-0.5753455,-0.68491125,36.081,-0.08537453,-0.15045,-0.19173227
36.082,-1.461473,-0.53837955,-0.8362602,36.091,-0.056052994,-0.29583594,-0.19723006
36.092,-0.8808098,-0.3905378,-0.62132215,36.101,-0.018179351,-0.36058766,-0.1966192
36.102,-0.20599651,-0.25977015,-0.24550152,36.111,0.034965925,-0.3489812,-0.19051054
36.112,0.36992645,-0.12567979,0.10898423,36.121,0.10277197,-0.2720122,-0.18195844
36.122,0.77076435,-0.0266878,0.24456048,36.131,0.170578,-0.16633251,-0.170352
36.132,0.96957016,0.0078020394,0.036634922,36.141,0.21333857,-0.06309628,-0.15874556
36.142,0.9050789,-0.050280273,-0.30596805,36.151,0.24815789,0.010207556,-0.14164132
36.152,0.79908085,-0.14871788,-0.8029127,36.161,0.25060135,0.06518542,-0.122704506
36.162,0.6628046,-0.19287544,-1.2627182,36.171,0.22983193,0.09756128,-0.10254595
36.172,0.4452982,-0.17345294,-1.5116601,36.181,0.17729752,0.118330695,-0.0823874
36.182,0.29337025,-0.075125545,-1.5973954,36.191,0.14003474,0.11894157,-0.08421999
36.192,0.21749401,0.073973715,-1.5374289,36.201,0.11071321,0.118330695,-0.09155038
36.202,0.14248276,0.21533659,-1.3348072,36.211,0.097274184,0.11161118,-0.10804373
36.212,0.08285141,0.3044219,-1.1155111,36.221,0.09788505,0.10428081,-0.1263697
36.222,0.09631443,0.3885355,-0.8599849,36.231,0.11376754,0.1024482,-0.14530651
36.232,0.18200874,0.49847,-0.5753617,36.241,0.14858685,0.10428081,-0.16729766
36.242,0.32941532,0.65123075,-0.3293624,36.251,0.19379088,0.11588725,-0.18745622
36.252,0.39151287,0.7237157,-0.15150571,36.261,0.24510357,0.13604578,-0.2088365
36.262,0.48103142,0.76000106,-0.029214382,36.271,0.30741182,0.15437174,-0.22899505
36.272,0.5498848,0.7054469,-0.026314735,36.281,0.36483315,0.16719991,-0.24243408
36.282,0.5500021,0.5833541,-0.08707166,36.291,0.4082046,0.18002811,-0.24671015
36.292,0.40580082,0.18023807,-0.2136519,36.301,0.45279774,0.18858021,-0.2460993
36.302,0.2799368,-0.08673471,-0.21050835,36.311,0.49250397,0.20018664,-0.2387689
36.312,0.08500099,-0.3353469,-0.30640578,36.321,0.5542014,0.20690617,-0.21311256
36.322,-0.11469555,-0.54887676,-0.37241888,36.331,0.5871881,0.20324099,-0.18623449
36.332,-0.30880642,-0.6483904,-0.49240637,36.341,0.6201748,0.194078,-0.15508036
36.342,-0.5022545,-0.673593,-0.6132641,36.351,0.64522034,0.17025426,-0.121482775
36.352,-0.7243109,-0.6104443,-0.69873214,36.361,0.66232455,0.13848925,-0.0860526
36.362,-0.86378956,-0.48539042,-0.7184551,36.373,0.68309397,0.09878301,-0.051233273
36.374,-0.9674654,-0.29060298,-0.6528578,36.381,0.7081394,0.06335283,-0.018857416
36.382,-1.0159044,-0.060705304,-0.58639526,36.391,0.7276871,0.034031294,0.011685847
36.392,-1.0472202,0.21988606,-0.55092955,36.401,0.7386827,0.005320631,0.039174784
36.402,-1.0781279,0.4349202,-0.5382004,36.411,0.7460131,-0.024611767,0.06666372
36.412,-1.1266327,0.6013211,-0.46548152,36.421,0.7454022,-0.060652815,0.09415266
36.422,-1.098362,0.7098775,-0.38845158,36.431,0.741737,-0.089363486,0.12164159
36.432,-0.98842335,0.8238801,-0.3888104,36.441,0.728298,-0.10891117,0.15096313
36.442,-0.8252897,0.92804503,-0.4412315,36.451,0.69714385,-0.11074376,0.17845206
36.452,-0.67079353,0.9530219,-0.54012036,36.461,0.66415715,-0.10463511,0.21632572
36.462,-0.5643778,0.9369389,-0.62865865,36.471,0.61101186,-0.108300306,0.23709513
36.476,-0.49536324,0.9003341,-0.70010877,36.481,0.57435995,-0.11746328,0.25664282
36.482,-0.43041134,0.8417661,-0.75245667,36.491,0.54259497,-0.124182805,0.27496877
36.492,-0.36348152,0.8831202,-0.77860594,36.501,0.5053322,-0.13517837,0.28474262
36.502,-0.28852463,0.9218217,-0.7891952,36.511,0.47234544,-0.14556308,0.28779694
36.512,-0.19351196,0.9237932,-0.8105022,36.521,0.4448565,-0.1541152,0.28596434
36.522,-0.084342,0.92692065,-0.8175093,36.531,0.4308066,-0.16572164,0.27924484
36.532,0.029457092,0.9283092,-0.6940321,36.541,0.42653054,-0.1840476,0.26458406
36.542,0.12993526,0.94033074,-0.55944467,36.551,0.43141747,-0.19931921,0.24625811
36.552,0.23399734,0.9101192,-0.43214643,36.561,0.43019572,-0.20054096,0.22304523
36.562,0.3527851,0.8460611,-0.3424065,36.571,0.43019572,-0.19870836,0.20471928
36.572,0.4659691,0.6296197,-0.18310809,36.581,0.43202832,-0.19870836,0.18700418
36.582,0.49448586,0.4741161,-0.07629061,36.591,0.4430239,-0.19748664,0.17539774
36.592,0.47298145,0.3178537,0.101377726,36.601,0.47417802,-0.16938683,0.16501303
36.602,0.38872337,0.15574992,0.19840741,36.611,0.50288874,-0.13945442,0.17478687
36.612,0.38907337,0.023986578,0.3667302,36.621,0.53404284,-0.089363486,0.18028466
36.622,0.3449402,-0.037264287,0.55411386,36.631,0.57252735,-0.033774745,0.18761504
36.632,0.21099663,-0.09906399,0.6893132,36.641,0.61528796,0.013261877,0.20288667
36.642,0.053993225,-0.15015459,0.72784615,36.651,0.66232455,0.05480071,0.21754743
36.652,-0.1655817,-0.12658119,0.72750664,36.661,0.7111938,0.08228966,0.24137118
36.662,-0.36429882,-0.10037434,0.8379426,36.671,0.7618956,0.096339546,0.2688601
36.672,-0.54839325,-0.06902754,0.861542,36.681,0.8125974,0.09878301,0.30306858
36.682,-0.7073841,-0.020010948,0.8113668,36.691,0.85963404,0.07251581,0.34033135
36.692,-0.7939911,2.977848E-4,0.814533,36.701,0.9036163,0.042583413,0.37698326
36.702,-0.7783623,0.045702815,0.7768781,36.711,0.94882035,0.012040146,0.40874827
36.712,-0.74182606,0.14182663,0.7905853,36.721,0.9885266,-0.013005327,0.44051325
36.722,-0.64242077,0.29611248,0.7846832,36.731,1.0221242,-0.033774745,0.46372613
36.732,-0.5397339,0.4606049,0.8052392,36.741,1.0569435,-0.040494263,0.47960863
36.742,-0.42865562,0.58425814,0.784086,36.751,1.0935954,-0.023390036,0.5015998
36.752,-0.32436085,0.6306035,0.7551322,36.761,1.1131431,-1.7715245E-4,0.5162605
36.762,-0.28779316,0.59114176,0.68682075,36.771,1.1241387,0.03586389,0.5388625
36.772,-0.29248714,0.49583173,0.6247914,36.781,1.13208,0.07495927,0.56329715
36.782,-0.35998726,0.4503271,0.49598098,36.791,1.136356,0.103669934,0.59811646
36.792,-0.5026388,0.39261627,0.3040409,36.801,1.145519,0.113443784,0.6359901
36.802,-0.64547825,0.33958316,0.03915429,36.811,1.1504059,0.103669934,0.6775289
36.812,-0.77938366,0.32657158,-0.24403965,36.821,1.1552927,0.073126666,0.71906775
36.822,-0.8759937,0.37242895,-0.4993378,36.831,1.1571254,0.029755242,0.75877404
36.832,-0.8947582,0.4598934,-0.7137613,36.841,1.1607906,-0.02155744,0.79298246
36.842,-0.8022442,0.5850256,-0.8626783,36.851,1.1614015,-0.076535314,0.8198605
36.852,-0.2656536,0.93179303,-1.0089182,36.861,1.1675102,-0.118685015,0.8387974
36.862,0.06422138,1.1153402,-0.9000461,36.871,1.1846143,-0.14556308,0.84673864
36.872,0.42718792,1.2992592,-0.85225224,36.884,1.209049,-0.15472606,0.8394082
36.885,0.78763103,1.2759537,-0.9099294,36.891,1.2738006,-0.14373049,0.8204714
36.892,0.9713459,0.86783135,-0.771718,36.901,1.331222,-0.12540454,0.81619537
36.902,1.1232443,0.40251926,-0.8432219,36.911,1.3605435,-0.12357193,0.8235257
36.912,1.3566542,-0.047699705,-1.013949,36.921,1.3758152,-0.13395664,0.82719094
36.922,1.7635193,-0.24298151,-1.2298265,36.931,1.3849782,-0.15472606,0.8198605
36.932,2.1700354,-0.06901088,-1.3552761,36.941,1.3770369,-0.16511077,0.79542595
36.942,2.454319,0.38169572,-1.3886919,36.951,1.3507696,-0.16144559,0.75694144
36.952,2.4909048,0.885795,-1.3934487,36.961,1.3006787,-0.12540454,0.71357
36.962,2.2707987,1.1468878,-1.3823738,36.971,1.2444792,-0.078367904,0.6787507
36.972,1.8422108,1.0217943,-1.1720078,36.981,1.2243205,-0.045992047,0.6573704
36.982,1.382205,0.69896984,-0.9345255,36.991,1.2457008,-0.025833495,0.64881825
36.992,0.9421406,0.30950266,-0.80590606,37.001,1.286018,-0.025833495,0.6610356
37.002,0.51335144,-0.16957667,-0.7630706,37.011,1.3428284,-0.041715994,0.68791366
37.012,0.17348099,-0.6463703,-0.6887182,37.021,1.4063585,-0.07409185,0.7300634
37.022,-0.1291151,-0.9891661,-0.5516325,37.031,1.4790514,-0.12662625,0.8051998
37.032,-0.35879898,-1.1799291,-0.5817478,37.041,1.4961556,-0.16999769,0.8528473
37.042,-0.46266842,-1.2436179,-0.47576988,37.051,1.4882144,-0.1962649,0.8888883
37.052,-0.42123508,-1.2458681,-0.34531736,37.061,1.4650015,-0.20787135,0.9035491
37.062,-0.30603695,-1.2523091,-0.08179617,37.071,1.4387343,-0.1962649,0.908436
37.072,-0.21006775,-1.3527029,0.21556234,37.081,1.4118562,-0.16388905,0.8870557
37.082,-0.1331091,-1.4714031,0.52214646,37.091,1.3904759,-0.12540454,0.84368426
37.092,-0.11833191,-1.5677114,0.68897355,37.101,1.3697065,-0.114408955,0.7856521
37.102,-0.15668106,-1.6258245,0.70209193,37.111,1.3703173,-0.12051761,0.7239547
37.113,-0.27618122,-1.6532786,0.676653,37.121,1.3782586,-0.14128703,0.6628682
37.122,-0.37294388,-1.5470088,0.59751284,37.131,1.3861998,-0.16449991,0.6042251
37.132,-0.46282196,-1.2748036,0.4174807,37.141,1.3916976,-0.19137797,0.554745
37.142,-0.54135036,-0.7484267,0.13186228,37.151,1.3904759,-0.2084822,0.51442796
37.152,-0.512702,-0.54951054,0.034448147,37.161,1.3861998,-0.21275827,0.48449555
37.162,-0.52626705,-0.48885667,-0.037484765,37.171,1.3758152,-0.20054096,0.47411084
37.172,-0.5121889,-0.45028073,-0.086508155,37.181,1.3678739,-0.19076711,0.48816073
37.182,-0.46066284,-0.4695009,-0.076592326,37.193,1.3593218,-0.18160413,0.51015186
37.194,-0.4038992,-0.5626309,0.0052092075,37.201,1.3581,-0.17488462,0.52664524
37.202,-0.253294,-0.6684418,0.11946869,37.211,1.3654305,-0.16449991,0.5351973
37.212,-0.057911873,-0.8513187,0.2248621,37.221,1.3782586,-0.15289347,0.53153217
37.222,0.10925102,-1.0708475,0.32588565,37.231,1.3904759,-0.14373049,0.51259536
37.232,0.11860943,-1.247954,0.41788638,37.241,1.4002497,-0.13945442,0.48877162
37.242,0.07914829,-1.364834,0.44021916,37.251,1.3971955,-0.1400653,0.4576175
37.252,0.012145042,-1.3722063,0.36855388,37.261,1.3916976,-0.14556308,0.4295177
37.262,-0.062181473,-1.3596578,0.20970893,37.271,1.3825346,-0.15778038,0.4044722
37.272,-0.079354286,-1.3007982,0.087931395,37.281,1.3825346,-0.18282586,0.3763724
37.282,-0.06967831,-1.1750772,-0.021783948,37.291,1.389865,-0.20909306,0.3482726
37.292,-0.015303612,-0.99852407,-0.09176183,37.301,1.3996389,-0.23841462,0.32261625
37.302,0.026165962,-0.7824993,-0.12177408,37.311,1.4246844,-0.26590353,0.28046656
37.312,0.04850483,-0.53156245,-0.05007708,37.321,1.4448429,-0.26956874,0.25786453
37.322,-0.0015201569,-0.32057118,0.050278187,37.331,1.4613363,-0.26590353,0.24137118
37.332,-0.057849884,-0.19659948,0.12114334,37.341,1.4637798,-0.24696672,0.23342994
37.342,-0.12848186,-0.15829837,0.11105394,37.351,1.4631689,-0.22314298,0.2303756
37.352,-0.21562672,-0.16175377,0.13689387,37.361,1.4607254,-0.20298442,0.23281907
37.362,-0.29770756,-0.1440121,0.11170852,37.371,1.457671,-0.1962649,0.23526253
37.372,-0.33662415,-0.1551975,0.06557989,37.381,1.4552276,-0.20115182,0.2340408
37.382,-0.27994537,-0.1286006,-0.009880185,37.391,1.457671,-0.20970392,0.22976474
37.392,-0.21274662,-0.190112,-0.06766367,37.402,1.457671,-0.21764517,0.21938004
37.403,-0.12670612,-0.24914777,-0.08983457,37.411,1.4692775,-0.22008863,0.20838445
37.412,-0.046887398,-0.24013472,-0.10817695,37.421,1.4680558,-0.21397999,0.19494542
37.422,0.04595852,-0.17511487,-0.12930846,37.431,1.4656124,-0.21520174,0.18456072
37.432,0.101475716,-0.16267037,-0.19077337,37.441,1.4546168,-0.21642345,0.16989996
37.442,0.15672302,-0.14559996,-0.21464062,37.451,1.4185758,-0.21947777,0.15279572
37.452,0.19248581,-0.23144901,-0.19798172,37.461,1.4008607,-0.21214738,0.14668706
37.462,0.27141,-0.2849716,-0.10627198,37.471,1.3916976,-0.19321057,0.13813496
37.472,0.3062029,-0.27463555,-0.026918411,37.481,1.3874216,-0.16694337,0.13446976
37.482,0.28267574,-0.23707044,-0.12821019,37.491,1.3843672,-0.1522826,0.13508062
37.492,0.26412582,-0.13249862,-0.26770985,37.504,1.3758152,-0.14495221,0.1356915
37.505,0.21689224,0.011557102,-0.3799392,37.511,1.3611544,-0.15106088,0.13385889
37.512,0.12996674,0.1267047,-0.34868956,37.521,1.3507696,-0.15900213,0.13141544
37.522,-0.02659607,0.21392477,-0.24704468,37.531,1.3397741,-0.16877596,0.1320263
37.532,-0.11868954,0.24368274,-0.16706097,37.541,1.3342763,-0.17916067,0.13324803
37.542,-0.1918068,0.2098962,-0.09443188,37.551,1.3232807,-0.18893452,0.13263717
37.552,-0.23271656,0.1429615,-0.0878005,37.561,1.3067874,-0.1980975,0.12713937
37.562,-0.26308537,0.09359121,-0.09082067,37.571,1.2890723,-0.20726046,0.12041986
37.572,-0.27929974,0.04155743,-0.0891279,37.581,1.2731898,-0.21825606,0.1143112
37.582,-0.29694557,0.027581573,-0.07656944,37.591,1.2554747,-0.23047334,0.1057591
37.592,-0.28015137,0.04311633,-0.057812214,37.601,1.2347053,-0.24879932,0.089265734
37.602,-0.24828053,0.051464796,-0.07643151,37.611,1.2169902,-0.25918403,0.07521583
37.612,-0.19399452,0.026473284,-0.05656421,37.621,1.209049,-0.26773614,0.057500742
37.622,-0.14359379,-0.015395999,-0.050107002,37.631,1.1962208,-0.27079046,0.042839974
37.632,-0.090984344,-0.14685535,-0.0059359074,37.641,1.1852252,-0.26468182,0.028790073
37.642,-0.015631676,-0.24320388,0.01511693,37.651,1.1693428,-0.25918403,0.019627094
37.652,0.05853176,-0.29684567,-0.007041216,37.661,1.1528493,-0.25185364,0.011685847
37.662,0.16626453,-0.31603467,-0.045024514,37.671,1.1369668,-0.24574497,0.004355464
37.672,0.2501192,-0.26832676,-0.030594468,37.681,1.1168083,-0.23108423,-0.007250976
37.682,0.36400604,-0.21055007,-0.011142731,37.691,1.0984824,-0.20726046,-0.021300875
37.692,0.44699,-0.1250441,0.012379527,37.701,1.0807673,-0.17977154,-0.039626833
37.702,0.47871685,-0.045847535,0.07431388,37.711,1.063663,-0.14373049,-0.06039625
37.712,0.45092297,-0.12870765,0.091249704,37.721,1.0538892,-0.107078575,-0.07933307
37.722,0.36122894,-0.23841274,0.07386315,37.731,1.0386175,-0.07287012,-0.09582643
37.732,0.27431202,-0.37429094,0.027273178,37.741,1.0111287,-0.04232686,-0.10621114
37.742,0.16743565,-0.4673428,-0.030050278,37.751,0.9903592,-0.03682907,-0.10926546
37.752,0.09657192,-0.47862673,-0.047876358,37.761,0.96958977,-0.047824644,-0.111098066
37.762,0.061470985,-0.40697336,-0.06294596,37.771,0.9445443,-0.055155028,-0.11720672
37.772,0.026228905,-0.34976035,-0.082764864,37.781,0.918888,-0.058820218,-0.12881316
37.782,0.030340195,-0.2825755,-0.10171616,37.791,0.8859012,-0.06126368,-0.14286305
37.792,0.034311295,-0.26168048,-0.11864805,37.801,0.8639101,-0.059431084,-0.16118902
37.802,0.051341057,-0.2757169,-0.15559566,37.817,0.83947545,-0.054544162,-0.1825693
37.818,0.03598118,-0.28170305,-0.15777183,37.821,0.8162626,-0.0539333,-0.19906266
37.822,0.07678509,-0.2794088,-0.20614791,37.831,0.79427147,-0.05271157,-0.2143343
37.832,0.101958275,-0.26160508,-0.19308567,37.841,0.76983684,-0.050268106,-0.2283842
37.842,0.13430405,-0.22675705,-0.15106964,37.851,0.7411262,-0.043548588,-0.23754716
37.852,0.19308472,-0.19485444,-0.092532754,37.861,0.71485895,-0.030720416,-0.24487755
37.862,0.23650932,-0.16580635,-0.060019255,37.871,0.6867592,-0.01911398,-0.25098622
37.872,0.32203484,-0.08689475,-0.055803657,37.881,0.6397225,-0.0038423464,-0.2528188
37.882,0.41503048,-0.056826055,0.0012227297,37.891,0.6122336,0.01570534,-0.2546514
37.892,0.48803902,-0.05903524,0.06858897,37.901,0.5853555,0.042583413,-0.25404054
37.902,0.51365566,-0.064596415,0.12160623,37.911,0.5633644,0.073126666,-0.2558731
37.912,0.5086937,-0.0845125,0.15510821,37.921,0.5419841,0.09939388,-0.2528188
37.922,0.45995045,-0.10037613,0.16470659,37.931,0.52243644,0.12260676,-0.24854276
37.932,0.40807152,-0.083114326,0.10415709,37.941,0.501667,0.14032185,-0.24243408
37.942,0.30511093,-0.061838627,0.026447892,37.951,0.4815084,0.14459792,-0.23937976
37.952,0.24659348,-0.035143495,-0.044109702,37.961,0.46012813,0.14765224,-0.23266023
37.962,0.18941307,0.028268963,-0.09071672,37.971,0.44363478,0.14581963,-0.22960591
37.972,0.1322813,0.096812606,-0.1440543,37.981,0.43019572,0.14398703,-0.23143852
37.982,0.076361656,0.14739423,-0.2112155,37.991,0.41614583,0.1323806,-0.23266023
37.992,-0.03355694,0.014768243,-0.25306904,38.001,0.4082046,0.11222205,-0.23327112
38.002,-0.047985077,-0.17751111,-0.2890619,38.011,0.4082046,0.09511783,-0.2283842
38.012,-0.021940231,-0.23528789,-0.33391428,38.023,0.4027068,0.073126666,-0.21799949
38.023,-0.063243866,-0.12039779,-0.32478964,38.031,0.37888306,0.060909368,-0.21983208
38.032,-0.14418793,0.014702186,-0.20552814,38.041,0.34528548,0.056633316,-0.22594073
38.042,-0.19875813,-0.0058963597,0.09590602,38.051,0.3410094,0.058465905,-0.21983208
38.052,-0.18851376,-0.041543722,0.29268265,38.061,0.34162027,0.07068322,-0.20211698
38.062,-0.14561176,0.12418285,0.41736925,38.071,0.33978766,0.084733106,-0.18379103
38.072,-0.14184952,0.3009905,0.62781084,38.081,0.34345287,0.10428081,-0.16057815
38.082,-0.12801456,0.4091399,0.9555466,38.091,0.36666575,0.13176975,-0.13675441
38.092,-0.094293594,0.4972753,1.2651246,38.101,0.40515026,0.16475645,-0.11781758
38.102,-0.009307861,0.57488316,1.4726211,38.111,0.4552412,0.19835407,-0.10498941
38.112,0.045516014,0.6415069,1.5089148,38.121,0.50777566,0.23072991,-0.10193509
38.128,0.097639084,0.7246701,1.3638527,38.131,0.556034,0.25272107,-0.10498941
38.132,0.15286636,0.8019275,1.207471,38.141,0.6006272,0.25821885,-0.112930655
38.142,0.10062027,0.8562884,0.9154304,38.151,0.6366682,0.24477983,-0.1263697
38.152,0.0936842,0.9353725,0.6721232,38.161,0.66293544,0.20385185,-0.14530651
38.162,0.09310913,0.93742347,0.3802185,38.171,0.67820704,0.1568152,-0.15446949
38.172,0.09152794,0.93551064,0.1182574,38.181,0.6775962,0.10550254,-0.16302161
38.182,0.10321045,0.9385631,-0.011702418,38.191,0.68065053,0.06579629,-0.1666868
38.192,0.14515877,0.93642163,-0.026585221,38.201,0.68126136,0.04319428,-0.16913027
38.202,0.2632923,0.98488516,0.07753086,38.211,0.68248314,0.046859466,-0.17340632
38.212,0.42106438,1.0433125,0.22845924,38.221,0.6922569,0.07190495,-0.1825693
38.222,0.56391335,1.1181868,0.41554725,38.231,0.7063069,0.11283291,-0.19417574
38.232,0.66105556,1.2067337,0.46134531,38.241,0.7246328,0.14887396,-0.20944737
38.242,0.69449615,1.2829156,0.38199008,38.251,0.7301306,0.18980193,-0.21983208
38.252,0.6678438,1.2917002,0.24557543,38.261,0.7276871,0.22828645,-0.23266023
38.262,0.620553,1.3131142,0.05015683,38.271,0.71363723,0.26554924,-0.2454884
38.272,0.3131132,1.3378929,-0.2863152,38.281,0.6953113,0.30036855,-0.256484
38.282,0.092775345,1.3331957,-0.44908965,38.291,0.6666006,0.32358143,-0.26564696
38.292,-0.16890526,1.3167893,-0.5695348,38.301,0.6244509,0.33213353,-0.2668687
38.302,-0.40638447,1.2918735,-0.63694525,38.311,0.59329677,0.3205271,-0.25831658
38.312,-0.64643383,1.248318,-0.65916896,38.321,0.5639753,0.29792508,-0.24793187
38.322,-0.785161,1.1830337,-0.6006962,38.331,0.5456493,0.26982528,-0.22777334
38.332,-0.8790388,1.1270599,-0.5138755,38.341,0.5309885,0.23683858,-0.2070039
38.342,-0.9388037,1.0596905,-0.43842363,38.351,0.52182555,0.20568445,-0.1807367
38.352,-0.9706001,0.9893851,-0.3540498,38.361,0.5132734,0.17514116,-0.15202603
38.362,-0.9564476,0.9437957,-0.28027916,38.371,0.50777566,0.14765224,-0.12514797
38.372,-0.9226341,0.888165,-0.21150064,38.381,0.5071648,0.12566108,-0.098269895
38.382,-0.8607311,0.78451455,-0.12792015,38.391,0.5089974,0.10428081,-0.07444616
38.392,-0.7862358,0.6646981,-0.0728116,38.401,0.5157169,0.08290052,-0.046346348
38.402,-0.7388363,0.5332024,-0.029233217,38.411,0.5267125,0.059687637,-0.024966069
38.412,-0.6741867,0.4178233,0.09271526,38.421,0.5364863,0.05907678,0.002522869
38.422,-0.6086693,0.2513994,0.25848198,38.434,0.5444276,0.06640715,0.035509594
38.435,-0.502717,0.22216237,0.28315544,38.441,0.55481225,0.06029851,0.066052854
38.442,-0.4247799,0.21178186,0.3213761,38.451,0.55664486,0.068850614,0.08010276
38.452,-0.35761356,0.2033788,0.34539175,38.461,0.5700839,0.08351139,0.09598525
38.462,-0.31426716,0.160792,0.37995696,38.471,0.57802516,0.10000474,0.12041986
38.472,-0.38580608,0.100450754,0.3100283,38.481,0.58840984,0.10977859,0.15340659
38.482,-0.46596146,0.10676587,0.16515875,38.491,0.5859664,0.10000474,0.1760086
38.492,-0.43057442,0.20161545,-0.034810305,38.501,0.57497084,0.07679186,0.1863933
38.502,-0.3468113,0.35030377,-0.15460324,38.511,0.56092095,0.046859466,0.18028466
38.512,-0.20981121,0.5188129,-0.2151761,38.521,0.5474819,0.017537937,0.16867822
38.522,-0.12719345,0.61789346,-0.16040993,38.531,0.5315994,0.0010445714,0.15401745
38.537,-0.025562286,0.7417209,-0.11254263,38.541,0.50472134,0.0040988997,0.13996755
38.542,0.061974525,0.86295295,-0.08182502,38.551,0.4821193,0.016316205,0.13141544
38.552,0.082974434,1.033165,0.036073446,38.561,0.45829552,0.046859466,0.12530679
38.562,0.06057167,1.065807,0.02148962,38.571,0.43508264,0.078624465,0.119809
38.572,-0.020828247,1.030562,-0.0010581017,38.581,0.41248065,0.1024482,0.11919813
38.582,-0.12795162,0.969972,0.0050387383,38.591,0.3758287,0.11405464,0.12164159
38.592,-0.22160149,0.90518975,0.06220293,38.601,0.35200498,0.114665516,0.12652852
38.602,-0.31518936,0.8661727,0.17505765,38.611,0.3232943,0.11588725,0.13813496
38.612,-0.4302807,0.81075084,0.29887557,38.621,0.30557922,0.10977859,0.1497414
38.622,-0.5095501,0.7876923,0.42241597,38.631,0.28908587,0.10428081,0.16501303
38.632,-0.58172035,0.7912301,0.49286819,38.641,0.27686855,0.09695042,0.17295428
38.642,-0.6335249,0.8263917,0.56422424,38.651,0.2670947,0.09572869,0.18272813
38.652,-0.67798615,0.85614026,0.6154821,38.661,0.2603752,0.08778744,0.19128023
38.662,-0.7152872,0.8216816,0.5912247,38.671,0.25671,0.078624465,0.20105408
38.672,-0.75513935,0.7210463,0.5528271,38.681,0.2530448,0.06029851,0.21632572
38.682,-0.8014698,0.63163495,0.5419409,38.691,0.24815789,0.048692062,0.23281907
38.692,-0.86019707,0.5405872,0.47194695,38.701,0.24815789,0.029144377,0.25419936
38.702,-0.89330673,0.46399415,0.43951988,38.711,0.24754703,0.013261877,0.27680135
38.712,-0.85647106,0.40206313,0.41330457,38.721,0.24876875,-0.015448786,0.31223154
38.722,-0.81118107,0.40018559,0.40412974,38.731,0.24143837,-0.0380508,0.33116838
38.732,-0.7246685,0.4314909,0.47217703,38.741,0.23410799,-0.057598487,0.34216395
38.742,-0.60991955,0.4858023,0.5859089,38.751,0.23410799,-0.07409185,0.34582913
38.752,-0.51576996,0.53090954,0.70301414,38.761,0.23960577,-0.083865695,0.34644002
38.762,-0.4036522,0.61624765,0.737859,38.771,0.23960577,-0.08447656,0.34644002
38.772,-0.27339077,0.7095555,0.7423639,38.781,0.24388182,-0.08753089,0.34766173
38.782,-0.18262672,0.7717457,0.76612115,38.791,0.2512122,-0.07592445,0.34644002
38.792,-0.12237549,0.8001195,0.78223014,38.801,0.25365567,-0.067983195,0.34521827
38.802,-0.07982731,0.8414546,0.7747741,38.811,0.25732088,-0.058820218,0.33727702
38.812,-0.075185776,0.86839795,0.75676465,38.821,0.25915346,-0.055155028,0.32628146
38.822,-0.07861996,0.92366505,0.7287464,38.831,0.2585426,-0.053322434,0.31284243
38.832,-0.14763641,0.9842875,0.6670253,38.844,0.25365567,-0.059431084,0.30245772
38.845,-0.26682663,0.9786664,0.67385983,38.851,0.24815789,-0.06370714,0.29451647
38.852,-0.31051826,0.95532304,0.71553826,38.861,0.23105367,-0.07103752,0.2871861
38.862,-0.32073689,0.9102835,0.79580665,38.871,0.22616674,-0.07592445,0.2865752
38.872,-0.35349083,0.83447605,0.8612499,38.881,0.22616674,-0.07164839,0.28535348
38.882,-0.30833244,0.76869714,0.85788345,38.891,0.22922106,-0.078367904,0.2902404
38.892,-0.17254925,0.7516592,0.65212893,38.901,0.24510357,-0.111354634,0.2902404
38.902,0.14391232,0.7281115,0.2753725,38.911,0.27503595,-0.19748664,0.27741224
38.912,0.56550026,0.62289286,-0.070201635,38.921,0.32634863,-0.33248785,0.2444255
38.922,1.0099859,0.52244043,-0.16938496,38.931,0.3831591,-0.47176513,0.2041084
38.932,1.5027609,0.6063673,-0.18495631,38.941,0.4082046,-0.55362105,0.16562389
38.947,2.0956879,0.7554627,-0.22357607,38.951,0.39598727,-0.5407929,0.12652852
38.952,2.6988153,0.74184775,-0.10927868,38.961,0.3483398,-0.4228959,0.09109832
38.962,2.9528694,0.59777737,0.01782155,38.971,0.27381423,-0.24269065,0.0617768
38.972,2.8529158,0.37819213,-0.07703686,38.981,0.19134742,-0.06126368,0.051392086
38.982,2.4370327,0.080127954,-0.15247798,38.991,0.12720656,0.08778744,0.06422026
38.992,1.7175207,-0.2886907,-0.18514907,39.001,0.08383515,0.20079753,0.10820256
39.002,0.87890816,-0.6386545,-0.22627842,39.011,0.07345044,0.3083098,0.22915387
39.012,0.07375145,-0.9020298,-0.27894056,39.021,0.097274184,0.31930536,0.3256706
39.022,-0.62548447,-1.057961,-0.45779896,39.031,0.14553253,0.2850969,0.42096555
39.032,-1.0987978,-1.1416066,-0.6265943,39.041,0.21150598,0.22645387,0.5022106
39.042,-1.3741207,-1.2168572,-0.8054,39.051,0.27381423,0.16048041,0.57368183
39.052,-1.4478979,-1.1969734,-0.93728685,39.061,0.31352046,0.104891665,0.6341575
39.062,-1.3389063,-1.1190224,-1.0758466,39.071,0.33428988,0.067018025,0.6769181
39.072,-1.0417747,-0.9810616,-1.1105381,39.081,0.33856595,0.04441601,0.6989092
39.082,-0.6289501,-0.83136904,-1.1493087,39.091,0.32085085,0.03586389,0.695244
39.092,-0.21368313,-0.7760522,-1.157656,39.101,0.30008143,0.022424862,0.6769181
39.102,0.052000046,-0.8150886,-1.0730954,39.111,0.27381423,0.0059314966,0.64698565
39.112,0.2159872,-0.88835406,-0.9997152,39.121,0.2512122,0.0010445714,0.6097229
39.122,0.46897793,-1.0466125,-0.76559603,39.131,0.22616674,0.010207556,0.5663515
39.132,0.5347109,-1.1526006,-0.7144642,39.141,0.20845164,0.030976973,0.5193148
39.142,0.6252279,-1.2548131,-0.7095516,39.152,0.20417559,0.05357898,0.44906536
39.152,0.6352196,-1.3192456,-0.6338353,39.161,0.20173213,0.07129408,0.40813738
39.162,0.5968504,-1.2633903,-0.5505563,39.171,0.20295386,0.06335283,0.37881586
39.172,0.50241566,-1.115827,-0.46592367,39.181,0.20539732,0.05357898,0.36659855
39.182,0.43570614,-0.94719464,-0.36215925,39.191,0.20661905,0.046859466,0.3678203
39.192,0.36690044,-0.76866674,-0.2517773,39.201,0.20784079,0.048692062,0.37942672
39.202,0.34048843,-0.599922,-0.1333332,39.211,0.20967337,0.06029851,0.3940875
39.212,0.319561,-0.45997196,-0.040042877,39.221,0.20967337,0.079846196,0.4130243
39.222,0.34497833,-0.32563013,0.08484483,39.231,0.20722991,0.118330695,0.43196115
39.232,0.37880707,-0.21823213,0.1583147,39.241,0.20112127,0.17330858,0.4411241
39.242,0.3578806,-0.13478024,0.09416294,39.254,0.19318002,0.22645387,0.4466219
39.255,0.28929138,-0.102934,0.0042307377,39.261,0.18096271,0.27043617,0.44356757
39.262,0.11775589,-0.120631576,-0.13196707,39.271,0.16935627,0.29731423,0.43929154
39.272,-0.094893456,-0.17720014,-0.24786997,39.281,0.15469551,0.29914683,0.4295177
39.282,-0.2965374,-0.19030803,-0.28965282,39.291,0.14186734,0.28082088,0.41119173
39.292,-0.4733219,-0.21097207,-0.410931,39.301,0.1265957,0.21118224,0.40202874
39.302,-0.6024666,-0.26694095,-0.42607462,39.311,0.12048706,0.15620434,0.38736796
39.312,-0.6956625,-0.2822601,-0.4455241,39.321,0.11498927,0.091452636,0.36843115
39.322,-0.6813688,-0.32082772,-0.4515916,39.331,0.111934945,0.038307354,0.34399655
39.332,-0.59167004,-0.33882457,-0.39523602,39.341,0.11010235,-1.7715245E-4,0.323838
39.342,-0.51600933,-0.43053454,-0.33775115,39.351,0.11376754,-0.02277917,0.30062512
39.353,-0.30917263,-0.46063107,-0.27230215,39.361,0.11865447,-0.027055226,0.269471
39.362,-0.107310295,-0.44472796,-0.24131942,39.371,0.13148263,-0.02522263,0.23770599
39.372,0.0011177063,-0.45362228,-0.16167545,39.381,0.1424782,-0.017892249,0.20899533
39.382,0.07607937,-0.47014904,-0.17864823,39.391,0.14614339,-0.012394462,0.1863933
39.392,0.14029217,-0.4636442,-0.18304443,39.401,0.14858685,-0.0056749433,0.16134784
39.402,0.17345238,-0.39718616,-0.017146826,39.411,0.15103032,0.0022663027,0.13752408
39.412,0.13366508,-0.36441028,0.055546522,39.421,0.14858685,0.008374959,0.11492208
39.422,0.13461494,-0.29806054,0.13699198,39.431,0.1424782,0.02303572,0.08315708
39.432,0.15489292,-0.21790653,0.17252421,39.441,0.1302609,0.051135525,0.062387664
39.442,0.13140297,-0.1623922,0.18614626,39.451,0.11865447,0.0743484,0.045894302
39.452,0.05208969,-0.10118896,0.1807425,39.461,0.11071321,0.08656571,0.02940094
39.462,-0.019877434,-0.016445816,0.13588428,39.471,0.1021611,0.090230905,0.02023796
39.472,-0.10736179,0.023146152,0.08582735,39.481,0.088722065,0.08351139,0.014740174
39.482,-0.1591444,0.07433277,0.026959896,39.491,0.069785245,0.07068322,0.00496633
39.492,-0.20651245,0.1296686,0.0029699802,39.501,0.047794096,0.057855047,-0.0078618415
39.502,-0.21237755,0.17340308,0.029420853,39.511,0.027635543,0.046859466,-0.025576934
39.512,-0.21623707,0.2182225,0.03908372,39.521,0.003200932,0.02853351,-0.046957213
39.522,-0.24456215,0.24928075,0.05151987,39.531,-0.020622812,0.013261877,-0.07017009
39.532,-0.27456093,0.2960992,0.10710931,39.541,-0.04261396,-7.880181E-4,-0.09032865
39.542,-0.22713566,0.30264673,0.14693904,39.551,-0.062161647,-0.0020097494,-0.11354153
39.552,-0.18220139,0.24711654,0.17695522,39.562,-0.076822415,0.0022663027,-0.1404196
39.563,-0.12999535,0.1619038,0.25631738,39.571,-0.08659626,0.0114292875,-0.1825693
39.572,-0.09918785,0.10647243,0.32931757,39.581,-0.10064616,0.019370534,-0.2088365
39.582,-0.11235428,0.07078707,0.39230394,39.591,-0.117750384,0.022424862,-0.23143852
39.592,-0.115709305,0.057780027,0.3991096,39.601,-0.13546549,0.03464216,-0.2546514
39.602,-0.049215317,0.025252223,0.4124329,39.611,-0.1544023,0.046859466,-0.2735882
39.612,9.7084045E-4,0.009637594,0.4371035,39.621,-0.16539788,0.060909368,-0.29802284
39.622,2.5463104E-4,-0.048496306,0.49913788,39.631,-0.17517173,0.07129408,-0.3267335
39.632,-0.002336502,-0.1349585,0.53504395,39.641,-0.17456086,0.078624465,-0.34811378
39.642,-0.055653572,-0.2617969,0.63789606,39.651,-0.16600874,0.090230905,-0.37010494
39.652,-0.11633396,-0.37906918,0.68453217,39.665,-0.15256971,0.106724255,-0.38720915
39.666,-0.19126225,-0.5225424,0.67696905,39.671,-0.14401759,0.113443784,-0.40309164
39.672,-0.24185276,-0.66327924,0.57603455,39.681,-0.13546549,0.11161118,-0.4146981
39.682,-0.30422306,-0.7721312,0.48196125,39.691,-0.13118942,0.09939388,-0.42569366
39.692,-0.38704872,-0.7707187,0.40914345,39.701,-0.13118942,0.07740273,-0.4318023
39.702,-0.34933758,-0.75452864,0.36338472,39.711,-0.1318003,0.052968122,-0.42813712
39.712,-0.2486105,-0.7933657,0.35453916,39.721,-0.13913068,0.020592265,-0.42019588
39.722,-0.1077919,-0.83514416,0.44551325,39.731,-0.14096327,0.01570534,-0.41408724
39.732,0.011575699,-0.8961977,0.5533242,39.741,-0.13729808,0.012651011,-0.4055351
39.742,0.10718727,-0.9125304,0.6478312,39.751,-0.13607635,0.023646586,-0.40125906
39.752,0.13029289,-0.8951211,0.7574496,39.761,-0.13485461,0.03586389,-0.39576128
39.762,0.10007954,-0.8287047,0.8043103,39.771,-0.14035241,0.05174639,-0.39209607
39.772,0.066856384,-0.7557345,0.76313424,39.781,-0.15012625,0.06152024,-0.38904175
39.782,-0.023430824,-0.7382602,0.7315748,39.791,-0.16539788,0.06579629,-0.38415483
39.792,-0.10872078,-0.7749027,0.6229279,39.801,-0.18738903,0.05907678,-0.37682444
39.802,-0.13667488,-0.80411476,0.5401492,39.811,-0.20204979,0.03464216,-0.36827233
39.812,-0.13413048,-0.8522379,0.45866847,39.821,-0.21365623,0.0114292875,-0.3615528
39.822,-0.09268665,-0.8656851,0.45495152,39.831,-0.22709528,-0.0056749433,-0.35666588
39.832,-0.06725502,-0.8781106,0.44699574,39.841,-0.24603209,-0.025833495,-0.35727677
39.842,-0.0363636,-0.91381025,0.44462132,39.851,-0.2637472,-0.0380508,-0.35666588
39.852,-0.02614212,-0.96890056,0.41236043,39.861,-0.29673392,-0.07164839,-0.342616
39.862,0.033350945,-0.974941,0.2257359,39.872,-0.32972065,-0.11501982,-0.32612264
39.873,0.09991932,-0.94618315,0.100073576,39.881,-0.35537696,-0.1718303,-0.30657494
39.882,0.26648235,-0.89875704,-0.007278204,39.891,-0.36881602,-0.23963633,-0.27114475
39.892,0.52327824,-0.89110833,-0.028547287,39.901,-0.3651508,-0.2842295,-0.22716245
39.902,0.9032364,-0.92543936,0.009058714,39.911,-0.3474357,-0.30438805,-0.1825693
39.912,1.2778263,-0.95648533,0.18668532,39.921,-0.32055765,-0.27995345,-0.14286305
39.922,1.5728674,-0.898952,0.45909452,39.931,-0.28696007,-0.21214738,-0.1086546
39.932,1.728466,-0.82426006,0.7093396,39.941,-0.25886026,-0.10341338,-0.08849606
39.942,1.7528076,-0.7575372,0.8640666,39.951,-0.23747998,0.02731178,-0.08971779
39.952,1.6104555,-0.6826552,0.81124544,39.961,-0.23320392,0.14887396,-0.111708924
39.962,1.2915688,-0.64170974,0.6465168,39.974,-0.2301496,0.24172547,-0.15019344
39.975,0.21957588,-0.61075586,0.2185092,39.981,-0.22465181,0.29731423,-0.19173227
39.982,-0.379344,-0.55667615,-0.12224364,39.991,-0.22220835,0.29792508,-0.23388198
39.992,-0.92807484,-0.52821404,-0.41797614,40.001,-0.2179323,0.2117931,-0.28885984
40.002,-1.3725748,-0.46562517,-0.6726537,40.011,-0.21548884,0.09939388,-0.31695965
40.012,-1.7171645,-0.4141893,-0.8371643,40.021,-0.21121277,-0.038661666,-0.32978782
40.022,-1.8176699,-0.33917147,-0.9379144,40.031,-0.20082806,-0.17793894,-0.333453
40.032,-1.5818696,-0.20913638,-0.87800384,40.041,-0.18128037,-0.2964468,-0.34017253
40.042,-1.137147,-0.042957388,-0.7003478,40.051,-0.15867837,-0.36730716,-0.33833992
40.052,-0.5204115,0.10602525,-0.4228499,40.061,-0.13302203,-0.377081,-0.33467475
40.062,0.120326996,0.25349778,-0.17463684,40.071,-0.1122526,-0.3300444,-0.32795522
40.073,0.63206005,0.36661416,0.025741816,40.081,-0.094537504,-0.24513412,-0.32123572
40.082,1.0179958,0.42649937,0.082770824,40.091,-0.07804415,-0.13823271,-0.3090184
40.092,1.2139473,0.4964356,-0.017626524,40.101,-0.0804876,-0.037439935,-0.2986337
40.102,1.2100792,0.5395385,-0.1178484,40.111,-0.0823202,0.059687637,-0.2900816
40.112,1.1750231,0.5629133,-0.29514694,40.121,-0.089650586,0.14948484,-0.28152946
40.122,0.993618,0.53906214,-0.51384354,40.131,-0.10370048,0.21668002,-0.27725342
40.132,0.73838997,0.54281104,-0.6796669,40.141,-0.12508078,0.2679927,-0.28397292
40.142,0.4889803,0.5989716,-0.84416056,40.151,-0.13790895,0.27104703,-0.29435763
40.152,0.24180412,0.6207923,-0.87339103,40.161,-0.13546549,0.26188403,-0.30535322
40.162,0.063895226,0.66100454,-0.8222108,40.171,-0.12385904,0.24294722,-0.31512704
40.172,-0.055782318,0.71138537,-0.75668323,40.181,-0.107365675,0.22156695,-0.32429004
40.182,-0.1400423,0.7397282,-0.7424151,40.191,-0.09026145,0.20018664,-0.3340639
40.192,-0.22105217,0.7361197,-0.70804846,40.201,-0.06643771,0.16719991,-0.3444486
40.202,-0.28834915,0.7199497,-0.65008235,40.211,-0.035894442,0.12321762,-0.35055724
40.212,-0.32063293,0.67735565,-0.58803177,40.221,-0.0047403164,0.068850614,-0.35788763
40.222,-0.31922817,0.65205,-0.5176854,40.231,0.030079002,0.02731178,-0.3603311
40.232,-0.30063057,0.5829741,-0.4390309,40.241,0.06795265,-0.006285809,-0.35910934
40.242,-0.29334164,0.52771395,-0.37323475,40.251,0.09788505,-0.030720416,-0.3548333
40.252,-0.30311394,0.51825166,-0.22082305,40.261,0.12537397,-0.046602912,-0.3438377
40.262,-0.34411144,0.5114234,-0.12853217,40.271,0.14369993,-0.059431084,-0.3267335
40.272,-0.38405228,0.48598236,-0.04046583,40.283,0.16202588,-0.07164839,-0.2900816
40.284,-0.41352654,0.43769562,0.09721708,40.291,0.20112127,-0.09241781,-0.2650361
40.292,-0.4255209,0.37773907,0.22105622,40.301,0.23960577,-0.10402425,-0.23754716
40.302,-0.4067192,0.29470485,0.27759528,40.311,0.28786412,-0.11685242,-0.2088365
40.312,-0.38117027,0.19688183,0.26599598,40.321,0.3391768,-0.127848,-0.18379103
40.322,-0.4051094,0.12793255,0.17800093,40.331,0.38987863,-0.15167174,-0.16241075
40.332,-0.41661072,0.15334415,0.041277647,40.341,0.43019572,-0.17366289,-0.138587
40.342,-0.44080544,0.24958754,-0.11083412,40.351,0.44607824,-0.19382143,-0.11720672
40.352,-0.4608698,0.36419225,-0.22716141,40.361,0.44607824,-0.20420614,-0.09338297
40.362,-0.5041132,0.48089087,-0.3111632,40.371,0.43386093,-0.21703431,-0.07566789
40.372,-0.53818226,0.60047555,-0.3292961,40.384,0.4204219,-0.22497556,-0.0542876
40.385,-0.56656647,0.72903645,-0.30833673,40.391,0.40759373,-0.22497556,-0.037794236
40.392,-0.5710411,0.8550842,-0.28136563,40.401,0.39598727,-0.22497556,-0.019468281
40.402,-0.59229183,0.9271922,-0.2951646,40.411,0.38010478,-0.23047334,-0.00664011
40.412,-0.58133984,0.9735435,-0.34548616,40.421,0.3642223,-0.23963633,0.0037445985
40.422,-0.5621805,0.9676863,-0.39012825,40.431,0.342842,-0.25551882,0.024514018
40.432,-0.48362446,0.9575323,-0.3925916,40.441,0.32757038,-0.25857314,0.03673132
40.442,-0.4015627,0.96139157,-0.3336414,40.451,0.31535307,-0.25612968,0.048948627
40.452,-0.33140373,0.9673525,-0.2570722,40.461,0.30008143,-0.2542971,0.060555067
40.462,-0.24803162,0.9504616,-0.18088365,40.471,0.29152933,-0.24269065,0.07277237
40.472,-0.18116474,0.96574533,-0.11916685,40.481,0.27320337,-0.22375384,0.077659294
40.482,-0.13176823,0.95655847,-0.056055546,40.491,0.25732088,-0.20298442,0.08254622
40.492,-0.10462189,0.8895793,0.010588169,40.501,0.23899491,-0.1785498,0.08743314
40.502,-0.09495258,0.79389024,0.070957184,40.511,0.21883635,-0.15961298,0.09659612
40.512,-0.11016369,0.6821569,0.08844304,40.521,0.19928867,-0.13762183,0.110646024
40.522,-0.14539146,0.5811478,0.10427284,40.531,0.18096271,-0.12051761,0.13141544
40.532,-0.2655697,0.53818285,0.14925861,40.541,0.17118886,-0.10524598,0.15035225
40.542,-0.30667114,0.5263854,0.13741493,40.551,0.16080415,-0.09913732,0.1723434
40.552,-0.3156042,0.522009,0.12353265,40.561,0.15408464,-0.10585684,0.19861062
40.562,-0.2902813,0.4918611,0.12924421,40.571,0.15958244,-0.114408955,0.20899533
40.572,-0.2376957,0.43775606,0.16794693,40.581,0.16263676,-0.13151318,0.21327138
40.582,-0.22862244,0.3691013,0.29915488,40.591,0.17668666,-0.13823271,0.21876916
40.592,-0.22686005,0.25332773,0.43667567,40.601,0.18951483,-0.13517837,0.22487782
40.602,-0.21435738,0.13159406,0.5342815,40.611,0.20600818,-0.13517837,0.23770599
40.612,-0.20180702,0.053973317,0.57734597,40.621,0.22005808,-0.12906972,0.25542107
40.622,-0.18457794,-0.007024884,0.6305387,40.631,0.23594059,-0.122961074,0.2725253
40.632,-0.13142586,0.02109158,0.6505656,40.641,0.24571443,-0.11196549,0.28352088
40.642,-0.112781525,0.035985112,0.7253742,40.651,0.26281866,-0.111354634,0.292073
40.652,-0.1143446,0.09450698,0.8927733,40.661,0.27870116,-0.10463511,0.29146212
40.662,-0.05206871,0.14068186,1.0167292,40.671,0.29947057,-0.09241781,0.28962955
40.672,0.002354622,0.17901301,1.081161,40.681,0.31718567,-0.073480986,0.28535348
40.682,0.04545784,0.1806252,1.1273493,40.693,0.3306247,-0.05271157,0.28229916
40.694,0.048532486,0.1565479,1.2124667,40.701,0.3410094,-0.028276958,0.2810774
40.702,0.03197956,0.14051986,1.2619107,40.711,0.35017237,0.026700914,0.29085127
40.712,0.01301384,0.16227639,1.2908127,40.721,0.3550593,0.07129408,0.30306858
40.722,0.003376007,0.26501024,1.2632924,40.731,0.35811365,0.11588725,0.30978808
40.732,-0.03996849,0.40607935,1.2274215,40.741,0.35750276,0.1500957,0.31406415
40.742,-0.12792015,0.58613163,1.1830794,40.751,0.35628104,0.17269772,0.3152859
40.752,-0.28218555,0.7387547,1.1266108,40.761,0.35322672,0.18063897,0.31589675
40.762,-0.42162228,0.86117196,1.0595251,40.771,0.35139412,0.17269772,0.31406415
40.772,-0.5800171,0.9915078,0.9747827,40.781,0.342842,0.15559348,0.31956193
40.782,-0.6726446,1.1159414,0.8721845,40.791,0.3306247,0.13604578,0.32689232
40.795,-0.6984148,1.2296443,0.7737036,40.801,0.32390517,0.115276374,0.33483356
40.802,-0.70049095,1.293042,0.7107153,40.811,0.3116879,0.10550254,0.34216395
40.812,-0.6201267,1.334071,0.5616832,40.821,0.3043575,0.092063494,0.35377038
40.822,-0.3811121,1.2164359,0.38049436,40.831,0.3025249,0.080457054,0.36537683
40.832,-0.2564478,1.1392379,0.27974343,40.841,0.29763797,0.07373754,0.3763724
40.842,-0.120378494,1.0110373,0.2576549,40.851,0.32818124,0.06579629,0.39653096
40.852,0.0664444,0.89334095,0.18186116,40.861,0.3587245,0.05052466,0.40386134
40.862,0.30621243,0.77356595,-0.067447424,40.871,0.3941547,0.012651011,0.40691566
40.872,0.6533928,0.62178195,-0.438581,40.881,0.4344718,-0.067983195,0.3971418
40.882,1.0963755,0.37723845,-0.74318695,40.891,0.4821193,-0.18160413,0.37148547
40.892,1.6036034,0.10663283,-0.86017716,40.901,0.51816034,-0.29339248,0.32078367
40.902,2.1013346,-0.09660423,-0.76180255,40.911,0.51632774,-0.34837034,0.2584754
40.912,2.5120735,-0.16751927,-0.67685306,40.921,0.46623677,-0.31294015,0.19250196
40.922,2.604351,-0.1312015,-0.6789056,40.931,0.37033093,-0.20176268,0.13508062
40.932,2.3269405,-0.10488808,-0.7384162,40.941,0.25915346,-0.06553974,0.09476352
40.942,1.8548193,-0.08444148,-0.8322053,40.951,0.16324762,0.055411585,0.07093978
40.952,1.2043314,-0.054523945,-0.89783895,40.961,0.09666332,0.15315002,0.07521583
40.962,0.41673946,-0.13271946,-0.88514984,40.971,0.074061304,0.21912348,0.112478614
40.972,-0.324337,-0.2699813,-0.7566159,40.981,0.10338283,0.2502776,0.1723434
40.982,-1.0339727,-0.46268034,-0.6204395,40.991,0.17363232,0.24477983,0.29634905
40.992,-1.5504198,-0.655344,-0.5126189,41.001,0.32268345,0.15742609,0.38370278
41.002,-1.7612734,-0.789334,-0.47197282,41.011,0.42225447,0.06640715,0.45639575
41.012,-1.7647057,-0.8269851,-0.5484071,41.021,0.49006054,-0.02522263,0.5180931
41.022,-1.4852953,-0.7630606,-0.6232462,41.031,0.51816034,-0.100969926,0.5553559
41.032,-1.0731449,-0.58496845,-0.7008592,41.041,0.50044525,-0.15472606,0.5687949
41.042,-0.58535194,-0.5384359,-0.74338293,41.051,0.45279774,-0.18649106,0.55779934
41.052,-0.13145733,-0.2772253,-0.75410426,41.061,0.38132653,-0.1895454,0.52420175
41.062,0.27029324,-0.13192804,-0.7199104,41.071,0.2921402,-0.16755423,0.47166738
41.072,0.60096264,-0.047048748,-0.7367399,41.081,0.202343,-0.13273491,0.4148569
41.082,0.8428755,-0.073849946,-0.6588825,41.091,0.12903917,-0.08630916,0.35804644
41.092,1.0237532,-0.14546002,-0.5043477,41.103,0.07955909,-0.031942148,0.31589675
41.104,1.0527353,-0.3673761,-0.29929566,41.111,0.061844,0.02731178,0.29818165
41.112,0.91902256,-0.4333248,-0.28222835,41.121,0.054513615,0.0883983,0.3042903
41.122,0.7458973,-0.4697832,-0.2700584,41.131,0.052681018,0.14765224,0.32689232
41.132,0.6159134,-0.49665335,-0.2625631,41.141,0.062454864,0.22645387,0.33910963
41.142,0.46839237,-0.57970923,-0.35710835,41.151,0.07161784,0.26738182,0.34705088
41.152,0.26426792,-0.6845257,-0.5161855,41.161,0.06856351,0.28143173,0.35743558
41.162,0.07838154,-0.79481274,-0.7260796,41.171,0.053291883,0.26554924,0.36537683
41.172,-0.0384264,-0.8434762,-0.86274874,41.181,0.022137754,0.23744944,0.36537683
41.182,-0.11992073,-0.86794573,-0.94415724,41.191,-0.023066273,0.20629531,0.3604899
41.192,-0.16500092,-0.8672312,-1.0345228,41.201,-0.0804876,0.16536734,0.34766173
41.206,-0.21461868,-0.8192998,-1.1470826,41.211,-0.14829366,0.12688282,0.33483356
41.212,-0.23878479,-0.71923816,-1.2186899,41.221,-0.21548884,0.073126666,0.31956193
41.222,-0.25579357,-0.5964114,-1.3136363,41.231,-0.2832949,0.010207556,0.30367944
41.232,-0.25733185,-0.4168059,-1.2305467,41.241,-0.33949447,-0.053322434,0.2816883
41.242,-0.2180872,-0.208072,-1.0338008,41.251,-0.3810333,-0.10402425,0.25908628
41.252,-0.12087917,-0.028374732,-0.7877623,41.261,-0.40546793,-0.14800654,0.2358734
41.262,-0.009774208,0.09558129,-0.53433526,41.271,-0.42257214,-0.16205645,0.2077736
41.272,0.13018703,0.16442573,-0.30058825,41.281,-0.44761762,-0.13762183,0.19555628
41.282,0.2710266,0.15386897,-0.093603134,41.291,-0.46655443,-0.09241781,0.18272813
41.292,0.38192844,0.08823329,0.110090375,41.301,-0.48243695,-0.034996476,0.1778412
41.302,0.41641235,-0.041281283,0.3118627,41.311,-0.4989303,0.030976973,0.1760086
41.312,0.37097645,-0.15993893,0.45143986,41.321,-0.5178671,0.09267437,0.17173254
41.322,0.25144768,-0.2880746,0.49252272,41.331,-0.53008443,0.13910013,0.1637913
41.332,0.12689495,-0.42493457,0.4440379,41.341,-0.5386365,0.16536734,0.15462832
41.342,-0.01863575,-0.56689453,0.3104186,41.351,-0.5459669,0.17514116,0.14485447
41.352,-0.21065521,-0.69618374,0.098275065,41.361,-0.55390817,0.1586478,0.13080457
41.362,-0.36828613,-0.7638518,-0.06415868,41.371,-0.56307113,0.12566108,0.11492208
41.372,-0.47270012,-0.7708485,-0.31051743,41.381,-0.5758993,0.07068322,0.09659612
41.382,-0.45512962,-0.617944,-0.6225395,41.391,-0.5887275,0.012651011,0.07338324
41.392,-0.32516193,-0.5119482,-0.654184,41.401,-0.6003339,-0.044159453,0.046505168
41.402,-0.19296074,-0.38207215,-0.63193977,41.411,-0.6070534,-0.091196075,0.018405365
41.412,-0.040385246,-0.25010347,-0.56758213,41.421,-0.61560553,-0.13517837,-0.01824655
41.422,0.096717834,-0.17107081,-0.4414891,41.431,-0.6217142,-0.14495221,-0.040848564
41.432,0.1724453,-0.08024114,-0.29897094,41.441,-0.63698584,-0.13884357,-0.059785385
41.442,0.22186565,-0.040528655,-0.18111265,41.451,-0.649814,-0.13151318,-0.076278746
41.452,0.22946262,0.011731029,-0.076144576,41.461,-0.67302686,-0.1223502,-0.08727433
41.462,0.22641182,0.065356255,-0.053480864,41.471,-0.7035701,-0.11563069,-0.0946047
41.472,0.25339985,0.1088953,-0.026652932,41.481,-0.7371677,-0.096083,-0.099491626
41.482,0.29150486,0.16064829,-0.006339431,41.491,-0.7738196,-0.07592445,-0.101324216
41.492,0.34912968,0.20782965,0.006262064,41.501,-0.81230414,-0.043548588,-0.1086546
41.502,0.40249157,0.20928454,0.037572503,41.514,-0.84956694,-0.0111727305,-0.11659585
41.514,0.4288292,0.21880698,0.043296456,41.521,-0.8819428,0.02120313,-0.13064575
41.522,0.43166637,0.21663898,0.039055705,41.531,-0.9118752,0.048692062,-0.1489717
41.532,0.3893404,0.19275457,0.047949195,41.541,-0.94180757,0.067018025,-0.1685194
41.542,0.2789383,0.16266894,-0.016488194,41.551,-0.97235084,0.079846196,-0.19600834
41.552,0.14220238,0.09698212,-0.042410016,41.561,-1.0236635,0.084733106,-0.21005823
41.562,-0.0029306412,0.06319851,-0.061229825,41.571,-1.0652024,0.08351139,-0.22716245
41.572,-0.10151768,0.009485066,-0.0796417,41.581,-1.1036868,0.07679186,-0.24060151
41.582,-0.21109867,-0.059202433,-0.1437906,41.591,-1.1415606,0.05907678,-0.25220793
41.592,-0.25281143,-0.1556611,-0.17371702,41.601,-1.1745472,0.040750816,-0.2705339
41.602,-0.22794819,-0.1922586,-0.14535654,41.611,-1.2014253,0.02853351,-0.29191417
41.618,-0.21540546,-0.23038167,-0.10492754,41.621,-1.2240273,0.0028771684,-0.31207272
41.622,-0.21060848,-0.26159894,-0.113447785,41.631,-1.2405207,-0.0111727305,-0.3371182
41.632,-0.15114784,-0.2961691,-0.005656123,41.641,-1.2496836,-0.022168305,-0.36766148
41.642,-0.05011463,-0.30348438,0.106526494,41.651,-1.257014,-0.02277917,-0.40186992
41.652,0.012440681,-0.34621674,0.14310086,41.661,-1.261901,-0.015448786,-0.4324132
41.662,0.101353645,-0.39046,0.18341649,41.671,-1.2600684,-0.009340137,-0.4672325
41.672,0.20224953,-0.42110533,0.2621566,41.681,-1.2631227,0.0040988997,-0.5044953
41.682,0.24103832,-0.47057223,0.29122114,41.691,-1.2625118,0.030366108,-0.5533645
41.692,0.26936913,-0.5626538,0.27889907,41.701,-1.2612901,0.07801359,-0.5851295
41.702,0.27818966,-0.6547054,0.28652394,41.711,-1.2545706,0.10855686,-0.61811626
41.712,0.22654533,-0.7849495,0.26543462,41.721,-1.2417424,0.12932628,-0.64743775
41.722,0.181386,-0.88935244,0.27517366,41.731,-1.2270817,0.14093271,-0.6785919
41.732,0.13419819,-0.9910095,0.2877841,41.741,-1.2026471,0.14643049,-0.7073026
41.742,0.086153984,-1.0759625,0.32177138,41.751,-1.1788234,0.14459792,-0.7317372
41.752,-0.0119075775,-1.1808549,0.30956006,41.761,-1.1488909,0.14398703,-0.75922614
41.762,-0.031873703,-1.1899879,0.31806517,41.771,-1.1104064,0.1323806,-0.7891585
41.772,-0.0637579,-1.2457576,0.17509651,41.781,-1.0700892,0.10916772,-0.80992794
41.782,-0.15686703,-1.3065104,-0.0055354834,41.791,-1.0462655,0.070072345,-0.8154257
41.792,-0.20131874,-1.3954477,-0.105804086,41.801,-1.0193875,0.021813996,-0.8044301
41.802,-0.13022518,-1.4835926,-0.121269345,41.811,-0.9876225,-0.015448786,-0.7830499
41.812,-0.012879372,-1.5126287,-0.121186614,41.821,-0.9503597,-0.030109555,-0.7476197
41.822,0.10923576,-1.5750155,-0.058795214,41.831,-0.9106535,-0.025833495,-0.7091352
41.832,0.24598122,-1.5776954,-0.005379081,41.841,-0.85323215,0.030976973,-0.6541573
41.842,0.371871,-1.5804923,0.030504346,41.851,-0.8165802,0.07923532,-0.62850094
41.852,0.41007042,-1.5434783,0.015147805,41.861,-0.7848152,0.12382849,-0.6083424
41.862,0.39638042,-1.4940526,-0.038941145,41.871,-0.7481633,0.15559348,-0.5979577
41.872,0.29942608,-1.3703617,-0.09691131,41.881,-0.7170092,0.16842166,-0.59856856
41.882,0.17633533,-1.1693673,-0.17364419,41.891,-0.6864659,0.16048041,-0.6052881
41.892,0.048290253,-0.9486135,-0.26592016,41.901,-0.66936165,0.139711,-0.6065098
41.902,-0.102856636,-0.73460525,-0.37623453,41.911,-0.6675291,0.11161118,-0.6016229
41.912,-0.17429447,-0.56883216,-0.42236793,41.924,-0.6620313,0.091452636,-0.59490335
41.925,-0.12993526,-0.38424423,-0.43877816,41.931,-0.6626422,0.079846196,-0.5869621
41.933,-0.060500145,-0.22975072,-0.45303226,41.941,-0.6565335,0.06457456,-0.5704688
41.942,-0.06782246,-0.095637426,-0.5209619,41.951,-0.6583661,0.04747033,-0.54603416
41.952,-0.017877579,0.30154142,-0.66148615,41.961,-0.663253,0.0199814,-0.5154909
41.962,-0.042547226,0.44079822,-0.76112175,41.971,-0.67730296,-0.0068966746,-0.47578463
41.972,-0.028118134,0.5690487,-0.77334523,41.981,-0.6882985,-0.028276958,-0.4128655
41.983,0.023018837,0.6865382,-0.7621169,41.991,-0.7182309,-0.06248541,-0.37132666
41.992,0.06515312,0.7772762,-0.75368977,42.001,-0.7347243,-0.077757046,-0.33956167
42.002,0.10101414,0.84387624,-0.70072424,42.011,-0.7542719,-0.085087426,-0.32062483
42.012,0.12717533,0.8158332,-0.67574155,42.026,-0.77748483,-0.083865695,-0.31268358
42.027,0.19163418,0.7570251,-0.64168584,42.033,-0.8074172,-0.07164839,-0.31512704
42.034,0.22055721,0.7431629,-0.6365771,42.042,-0.8379605,-0.05637676,-0.32245743
42.043,0.23062897,0.7140157,-0.6980556,42.051,-0.86911464,-0.052100703,-0.333453
42.053,0.2887392,0.73748887,-0.7095785,42.061,-0.899047,-0.05087897,-0.34872463
42.063,0.3529911,0.8008958,-0.5910032,42.071,-0.9289794,-0.045992047,-0.37315926
42.072,0.4271736,0.8686037,-0.46855283,42.08,-0.96013355,-0.037439935,-0.40003732
42.082,0.51259995,0.96007466,-0.32610035,42.091,-0.97601604,-0.033774745,-0.43302405
42.092,0.48839378,1.0294018,-0.25421703,42.101,-0.99495286,-0.036218204,-0.46295646
42.102,0.4416752,1.1233772,-0.31660473,42.111,-1.0199983,-0.046602912,-0.49166712
42.112,0.38327885,1.3148899,-0.29479134,42.12,-1.0468764,-0.07470272,-0.52526474
42.122,0.33571053,1.400825,-0.17892444,42.131,-1.0816957,-0.100969926,-0.5716905
42.132,0.37464523,1.5391283,0.05427718,42.141,-1.103076,-0.10646771,-0.5961251
42.142,0.30049133,1.5856831,0.23020875,42.151,-1.1275107,-0.10035905,-0.6083424
42.152,0.18882656,1.5359929,0.33798885,42.161,-1.1470582,-0.09180694,-0.61689454
42.162,0.06599808,1.4246359,0.48972535,42.171,-1.1562213,-0.076535314,-0.61994886
42.172,-0.095412254,1.2400022,0.6774504,42.181,-1.1556104,-0.066150606,-0.6175054
42.182,-0.26085854,1.0284768,0.785584,42.191,-1.1501126,-0.06859406,-0.61078584
42.192,-0.39490032,0.8169457,0.80496025,42.201,-1.139117,-0.09241781,-0.5979577
42.202,-0.5409708,0.67405,0.79043376,42.211,-1.1250671,-0.13701096,-0.5894056
42.212,-0.648016,0.56853807,0.7574415,42.221,-1.1018543,-0.18771279,-0.58329695
42.222,-0.6443777,0.49431288,0.72959375,42.231,-1.0768088,-0.2261973,-0.5747448
42.232,-0.45930862,0.3305503,0.6797464,42.241,-1.048709,-0.26468182,-0.5704688
42.242,-0.32863998,0.23712659,0.6680391,42.251,-1.0212201,-0.29155988,-0.5674144
42.252,-0.18869019,0.217453,0.72916424,42.261,-1.0004507,-0.2964468,-0.56374925
42.262,-0.070207596,0.20207334,0.7460984,42.271,-0.9729617,-0.28545123,-0.56252754
42.272,0.01391983,0.1797831,0.7510154,42.281,-0.9631879,-0.26590353,-0.56191665
42.282,0.061405182,0.10542941,0.71787715,42.291,-0.95463574,-0.24146894,-0.55947316
42.292,0.060355186,0.026729107,0.71815705,42.301,-0.94119674,-0.20787135,-0.54786676
42.302,0.025137901,0.014167666,0.7460891,42.311,-0.930812,-0.17793894,-0.5344277
42.312,-0.061133385,0.0751003,0.66687644,42.321,-0.9253142,-0.14189789,-0.51243657
42.322,-0.20328045,0.11911917,0.5591396,42.335,-0.92836857,-0.12662625,-0.4880019
42.335,-0.37182713,0.17774284,0.42256272,42.341,-0.9338663,-0.11990674,-0.45806953
42.342,-0.49988556,0.23419142,0.3692026,42.351,-0.93814236,-0.13029146,-0.42813712
42.352,-0.59263706,0.29977286,0.37070894,42.361,-0.9356989,-0.14067617,-0.39453954
42.362,-0.6249199,0.34788,0.37917006,42.371,-0.92836857,-0.1541152,-0.37132666
42.372,-0.6157856,0.34271395,0.38055193,42.381,-0.9253142,-0.16572164,-0.35361156
42.382,-0.5555887,0.33545744,0.36030793,42.391,-0.9204273,-0.17671722,-0.3444486
42.392,-0.4657488,0.29291737,0.32808566,42.401,-0.92470336,-0.1895454,-0.342616
42.402,-0.3857813,0.21263611,0.27918637,42.411,-0.9326446,-0.22131038,-0.34322685
42.412,-0.31950665,0.11556232,0.25138593,42.421,-0.9454728,-0.23352769,-0.34750292
42.422,-0.2546358,0.06427026,0.22103643,42.431,-0.96135527,-0.24635586,-0.34628117
42.437,-0.1649189,0.05083537,0.19055414,42.441,-0.9796812,-0.26346007,-0.34322685
42.442,-0.07914066,0.05831337,0.18434298,42.451,-0.9973963,-0.27323392,-0.342616
42.452,0.039977074,0.06510663,0.21111178,42.461,-1.0090028,-0.27445564,-0.3389508
42.462,0.10994911,0.07137394,0.27003562,42.471,-1.0151114,-0.26956874,-0.3371182
42.472,0.19917583,0.07421553,0.31879818,42.481,-1.0157223,-0.25551882,-0.3340639
42.482,0.2515154,0.08586824,0.3863467,42.491,-1.0120571,-0.23352769,-0.333453
42.492,0.25998783,0.08554244,0.45045137,42.501,-0.9980072,-0.21642345,-0.32917696
42.502,0.20528221,0.06273615,0.49134207,42.511,-0.985179,-0.20054096,-0.3267335
42.512,0.09939003,0.028064013,0.52702713,42.521,-0.9686856,-0.1962649,-0.31512704
42.522,-0.07242584,0.017058372,0.4940549,42.531,-0.9589118,-0.19382143,-0.30413148
42.532,-0.12821484,0.046430707,0.49903798,42.541,-0.95097053,-0.1895454,-0.28763813
42.542,-0.16862679,0.07008159,0.4771862,42.551,-0.94425106,-0.18588018,-0.26442525
42.552,-0.21175385,0.08733511,0.4154935,42.561,-0.9466945,-0.18343672,-0.24426669
42.562,-0.21570301,0.11008036,0.3559258,42.571,-0.9497488,-0.182215,-0.22532988
42.572,-0.2259798,0.13938677,0.27955103,42.581,-0.95585746,-0.17916067,-0.20761478
42.582,-0.24852467,0.14166784,0.24362934,42.591,-0.953414,-0.17610635,-0.192954
42.592,-0.27130795,0.18111277,0.20524502,42.601,-0.9521923,-0.17427376,-0.1825693
42.602,-0.3278036,0.1831367,0.126248,42.611,-0.953414,-0.17671722,-0.17401719
42.612,-0.35460472,0.20386589,0.04651034,42.621,-0.95585746,-0.18465847,-0.16241075
42.622,-0.37940025,0.20770788,0.010816574,42.631,-0.962577,-0.19931921,-0.15385863
42.632,-0.38309574,0.1896807,-0.037750125,42.641,-0.9686856,-0.22192124,-0.14164132
42.642,-0.3407402,0.18123233,0.016395211,42.651,-0.97540516,-0.23230594,-0.12881316
42.652,-0.25810337,0.21950531,0.042768836,42.661,-0.9784595,-0.23963633,-0.11598499
42.662,-0.21172428,0.27085626,0.11769581,42.671,-0.9864007,-0.2261973,-0.10437855
42.672,-0.17246819,0.31605458,0.18997538,42.681,-0.9888442,-0.1999301,-0.086663455
42.682,-0.14264297,0.35439348,0.14964402,42.691,-0.99006593,-0.16022384,-0.06650491
42.692,-0.13887501,0.39343286,-8.26478E-4,42.701,-0.9980072,-0.13762183,-0.049400676
42.702,-0.17336655,0.3980571,-0.19503808,42.711,-1.0108354,-0.13090232,-0.03351818
42.712,-0.2355957,0.40400398,-0.38827455,42.721,-1.0224417,-0.1364001,-0.01824655
42.722,-0.245615,0.47752118,-0.5280483,42.731,-1.039546,-0.1559478,-0.002974918
42.732,-0.25147915,0.46356583,-0.6283072,42.744,-1.0499307,-0.17549548,0.010464117
42.745,-0.27945232,0.37622285,-0.5191548,42.751,-1.0535959,-0.19076711,0.024514018
42.752,-0.29846573,0.2692381,-0.2911439,42.761,-1.0426004,-0.1980975,0.041007377
42.762,-0.32745743,0.12911117,-0.028871894,42.771,-1.0230527,-0.19382143,0.060555067
42.772,-0.40101433,-0.008977175,0.15284073,42.781,-0.9992289,-0.18588018,0.08376795
42.782,-0.4556713,-0.07903063,0.22506905,42.791,-0.97784865,-0.18099326,0.10698083
42.792,-0.47233105,-0.12534094,0.20736384,42.801,-0.96196616,-0.17366289,0.12958284
42.802,-0.47126675,-0.18872368,0.17972362,42.811,-0.9436402,-0.17244115,0.15096313
42.812,-0.44544506,-0.20553231,0.14167058,42.821,-0.92225987,-0.17610635,0.18700418
42.822,-0.37830925,-0.16786647,0.133268,42.831,-0.88988405,-0.18710193,0.20960619
42.832,-0.30567265,-0.13810658,0.18051445,42.841,-0.8623951,-0.18649106,0.22854301
42.842,-0.20089912,-0.075900435,0.26182258,42.851,-0.8361279,-0.17793894,0.24747984
42.852,-0.13803673,-0.023127079,0.36077225,42.861,-0.8074172,-0.1559478,0.26336232
42.862,-0.0628891,0.03644514,0.43175483,42.871,-0.7695436,-0.12906972,0.27680135
42.872,-0.04115486,0.10966146,0.50787175,42.881,-0.7328917,-0.09363954,0.29451647
42.882,-0.03439331,0.1824708,0.61447525,42.891,-0.6968506,-0.064928874,0.30917722
42.892,-0.027082443,0.18995082,0.7101784,42.901,-0.658977,-0.039272532,0.3220054
42.902,-0.022846222,0.1415999,0.75217676,42.911,-0.6229359,-0.020946573,0.33177924
42.912,0.06080532,0.07430315,0.7257476,42.921,-0.58506227,-0.009340137,0.33910963
42.922,0.12799168,0.013143659,0.76562655,42.931,-0.55085385,0.003488034,0.34582913
42.932,0.15720367,-0.021373868,0.8332343,42.941,-0.51298016,0.01692707,0.3519378
42.942,0.22390747,-0.05825174,0.8986031,42.951,-0.4744957,0.03586389,0.35254866
42.952,0.26119137,-0.07050085,0.8524568,42.961,-0.43906552,0.06335283,0.3501052
42.962,0.28351307,-0.08435953,0.6942594,42.971,-0.3920289,0.08106793,0.3427748
42.972,0.27995586,-0.06722844,0.5665771,42.981,-0.36148563,0.08106793,0.33116838
42.982,0.30288982,-0.04928732,0.48059666,42.991,-0.31689247,0.06579629,0.3165076
42.992,0.3795805,-0.06923193,0.45814347,43.001,-0.2722993,0.045026876,0.29268387
43.002,0.515996,-0.14002937,0.49604523,43.011,-0.22159748,0.018759668,0.2548102
43.012,0.7228966,-0.25185817,0.5599381,43.021,-0.17761518,-0.0050640777,0.20594099
43.022,0.96330357,-0.42032108,0.6087971,43.031,-0.13485461,-0.014227055,0.14851967
43.032,1.1668959,-0.6256062,0.63150334,43.041,-0.111641735,4.3370575E-4,0.08560054
43.042,1.2922544,-0.7863336,0.61833,43.052,-0.10919827,0.04441601,0.02817921
43.053,1.226141,-0.89190066,0.6140888,43.061,-0.12508078,0.09878301,-0.019468281
43.062,0.9830456,-0.91940206,0.52659166,43.071,-0.14646105,0.14765224,-0.0542876
43.072,0.6273899,-0.8306144,0.4152223,43.081,-0.17395,0.18613675,-0.073224425
43.082,-0.14879417,-0.36514264,0.02757895,43.091,-0.20693672,0.2026301,-0.07811135
43.092,-0.4673872,-0.11924976,-0.20183778,43.101,-0.24114518,0.19774318,-0.07872221
43.102,-0.78960896,0.024726868,-0.2799071,43.111,-0.28085142,0.1586478,-0.04451376
43.112,-1.041007,0.118281245,-0.17365086,43.121,-0.29123613,0.10428081,-0.0060292445
43.122,-1.2052374,0.1445685,0.00391984,43.131,-0.28818178,0.04319428,0.042839974
43.132,-1.1639061,0.17401713,0.22058868,43.141,-0.28146228,-0.0111727305,0.08987659
43.142,-0.94201946,0.19223243,0.34642816,43.155,-0.27901882,-0.052100703,0.12530679
43.156,-0.6133404,0.17115575,0.43630528,43.161,-0.28512746,-0.052100703,0.14913052
43.163,-0.2273035,0.12022948,0.48038983,43.171,-0.31017295,-0.058209352,0.1601261
43.172,0.07839775,0.06592852,0.46010685,43.181,-0.346214,-0.027666092,0.1637913
43.182,0.32482243,0.02829492,0.2896719,43.191,-0.40730053,0.0022663027,0.15707178
43.192,0.5395069,-0.013458192,0.08299351,43.201,-0.486713,0.02731178,0.14851967
43.202,0.7031851,-0.083108604,-0.12711072,43.211,-0.5734558,0.051135525,0.13263717
43.212,0.7979584,-0.22505015,-0.25100935,43.221,-0.6510357,0.07923532,0.119809
43.222,0.8155527,-0.38333476,-0.30703306,43.231,-0.7170092,0.11038945,0.10698083
43.232,0.76918983,-0.5686724,-0.3097241,43.241,-0.7658784,0.13299146,0.10148303
43.242,0.6657934,-0.8091272,-0.2891537,43.251,-0.79092383,0.15376088,0.099039584
43.252,0.5280466,-1.0196093,-0.21622932,43.261,-0.8092498,0.1781955,0.103926495
43.262,0.37872028,-1.1537886,-0.23604,43.271,-0.822078,0.18430415,0.112478614
43.272,0.23418045,-1.2124192,-0.27498138,43.281,-0.8361279,0.18002811,0.11736554
43.282,0.094249725,-1.1875017,-0.32488143,43.291,-0.8568973,0.1745303,0.12225245
43.292,0.013963699,-1.1367786,-0.3663391,43.301,-0.8746124,0.16475645,0.12347418
43.302,-0.062968254,-1.115731,-0.37395847,43.311,-0.88805145,0.1482631,0.12103073
43.312,-0.17857075,-1.1405624,-0.37817037,43.321,-0.8953818,0.118330695,0.11919813
43.322,-0.29840183,-1.2361014,-0.3742677,43.331,-0.894771,0.08534398,0.11614381
43.332,-0.32550716,-1.3198432,-0.27957034,43.341,-0.8941601,0.057244174,0.112478614
43.342,-0.36387253,-1.3551959,-0.14976144,43.351,-0.899047,0.04013995,0.115532935
43.352,-0.37849617,-1.330855,-0.06032443,43.361,-0.9008796,0.025479183,0.116754666
43.366,-0.31661892,-1.1935278,-0.051018238,43.371,-0.9063774,0.0199814,0.12103073
43.372,-0.22953033,-1.0976509,-0.047214746,43.381,-0.9106535,0.021813996,0.115532935
43.382,-0.1146698,-1.044582,-0.0016765594,43.391,-0.9143186,0.037085623,0.10148303
43.392,-0.018434525,-0.98248124,0.043622255,43.401,-0.9137078,0.0621311,0.06299853
43.402,-0.002902031,-0.8637281,0.030372858,43.411,-0.9167621,0.07495927,0.028790073
43.412,-0.0552454,-0.7096099,-0.028200388,43.421,-0.9326446,0.076181,-0.009083573
43.422,-0.12191391,-0.5610194,-0.08904195,43.431,-0.96013355,0.05907678,-0.046957213
43.432,-0.18062878,-0.45242923,-0.18383646,43.441,-0.9973963,0.034031294,-0.0823874
43.442,-0.1789093,-0.29363027,-0.19698453,43.451,-1.039546,0.0114292875,-0.12514797
43.452,-0.14784527,-0.056724563,-0.20539403,43.461,-1.0810848,-7.880181E-4,-0.1666868
43.462,-0.147048,0.13395576,-0.17784357,43.471,-1.1262889,-0.022168305,-0.20456044
43.472,-0.14560127,0.23364641,-0.18529463,43.481,-1.166606,-0.055765893,-0.23327112
43.482,-0.09346199,0.330679,-0.066292286,43.491,-1.1928732,-0.06981579,-0.26259264
43.492,0.008640289,0.4344346,0.09219146,43.501,-1.2191404,-0.064928874,-0.2931359
43.502,0.089286804,0.5079327,0.18666172,43.511,-1.2362447,-0.060652815,-0.32612264
43.512,0.13528252,0.554357,0.16572905,43.521,-1.2588466,-0.058209352,-0.35910934
43.522,0.14421082,0.54623693,0.17196584,43.531,-1.2820596,-0.055765893,-0.39759386
43.532,0.15318394,0.49747527,0.11557865,43.541,-1.3223766,-0.045381185,-0.42386106
43.542,0.17438602,0.48866674,0.16934538,43.551,-1.3431461,-0.027666092,-0.45501518
43.552,0.17688274,0.45196867,0.25343823,43.561,-1.3669698,-0.0050640777,-0.47883895
43.562,0.19670391,0.36529645,0.29319096,43.571,-1.3852957,0.017537937,-0.49411055
43.572,0.21354103,0.23394607,0.34239173,43.581,-1.3999565,0.036474757,-0.50205183
43.582,0.16864872,0.06712373,0.30447102,43.591,-1.4152281,0.05357898,-0.5044953
43.592,0.114640236,-0.10246669,0.29824233,43.601,-1.425002,0.06762888,-0.5099931
43.602,0.064596176,-0.24884938,0.28338146,43.611,-1.4262238,0.07557013,-0.5142692
43.612,-0.005484581,-0.3525216,0.2804985,43.621,-1.4170607,0.08106793,-0.5197669
43.622,-0.11124039,-0.43720698,0.28035355,43.631,-1.4072869,0.07190495,-0.52831906
43.632,-0.20389748,-0.49959207,0.28305697,43.641,-1.3907936,0.05907678,-0.5344277
43.642,-0.32418633,-0.6017177,0.3677783,43.651,-1.3767437,0.036474757,-0.54542327
43.652,-0.45907402,-0.7926092,0.58056355,43.661,-1.3541416,0.019370534,-0.5490885
43.662,-0.47075367,-0.8071734,0.6227052,43.673,-1.3382591,0.001655437,-0.5515319
43.674,-0.4083357,-0.80788684,0.62241244,43.681,-1.321155,-0.022168305,-0.55458623
43.682,-0.349782,-0.78089106,0.65571094,43.691,-1.3028289,-0.045381185,-0.555808
43.692,-0.28310394,-0.7569928,0.7213268,43.701,-1.2783943,-0.055765893,-0.5521428
43.702,-0.2451315,-0.7408008,0.7773421,43.711,-1.252738,-0.066150606,-0.54236895
43.712,-0.17961979,-0.7059327,0.84896445,43.721,-1.2246382,-0.06859406,-0.533206
43.722,-0.13187218,-0.70130587,0.91383696,43.731,-1.1855428,-0.07164839,-0.52587557
43.732,-0.075556755,-0.68679875,1.0055265,43.741,-1.14828,-0.06248541,-0.5161018
43.742,-0.0881958,-0.7183379,1.0737154,43.751,-1.1067412,-0.041715994,-0.50693876
43.752,-0.114424706,-0.8066454,1.1483014,43.761,-1.0615371,-0.014837921,-0.49716488
43.762,-0.18757057,-0.88695085,1.2332921,43.771,-1.0157223,0.008985825,-0.483115
43.778,-0.24554348,-0.9615257,1.1963859,43.781,-0.9686856,0.024868317,-0.47334114
43.782,-0.30281353,-1.0829935,1.2345138,43.791,-0.9204273,0.03891822,-0.46234557
43.792,-0.35595036,-1.1490614,1.1376193,43.801,-0.8727798,0.041361682,-0.4531826
43.802,-0.39446735,-1.1958597,1.1223931,43.811,-0.8226889,0.03891822,-0.4427979
43.812,-0.4400177,-1.2115735,1.1342185,43.821,-0.7506068,0.024868317,-0.42874798
43.822,-0.5348177,-1.1952269,1.1121271,43.831,-0.71212226,0.0059314966,-0.41775241
43.832,-0.66223335,-1.1383901,1.0793097,43.841,-0.68890935,-0.028887823,-0.4043134
43.842,-0.7616472,-1.009992,1.0481682,43.851,-0.66997254,-0.06553974,-0.39270693
43.852,-0.75420284,-0.8884294,0.98216796,43.861,-0.6516466,-0.100969926,-0.38232222
43.862,-0.68661404,-0.802969,0.964015,43.871,-0.6339315,-0.12968059,-0.37499186
43.872,-0.5970392,-0.7205813,0.97877884,43.881,-0.61865985,-0.14739567,-0.3688832
43.882,-0.51034546,-0.6533458,0.9966986,43.891,-0.60522085,-0.16022384,-0.35727677
43.892,-0.4060955,-0.5937309,1.0437207,43.901,-0.595447,-0.16327818,-0.34322685
43.902,-0.29363155,-0.5078699,1.0650511,43.911,-0.5765102,-0.15655866,-0.33039868
43.912,-0.18583107,-0.39504927,1.1638105,43.921,-0.5594059,-0.14617395,-0.32062483
43.922,-0.07427025,-0.25094724,1.169903,43.931,-0.54657775,-0.1364001,-0.31390533
43.932,0.015755653,-0.02112785,1.0636377,43.941,-0.5374148,-0.13273491,-0.30962926
43.942,0.061346054,0.006156355,1.00599,43.951,-0.5386365,-0.13823271,-0.30962926
43.952,0.08622646,-0.10281141,0.9354806,43.961,-0.531917,-0.15167174,-0.2986337
43.962,0.21207619,-0.3931617,0.6499865,43.971,-0.49221078,-0.20237356,-0.2632035
43.972,0.44348526,-0.7733486,0.12811899,43.981,-0.454948,-0.27262306,-0.20639305
43.982,0.7212744,-0.950073,-0.54701257,43.991,-0.46777618,-0.3685289,-0.13736527
43.992,0.9083328,-1.0159042,-0.77328086,44.001,-0.49831945,-0.4790955,-0.06406145
44.002,1.2886248,-1.1811842,-0.2401123,44.011,-0.48426953,-0.5530102,-0.0041966494
44.012,1.8095398,-1.3686402,0.62349725,44.021,-0.43173513,-0.5297973,0.041007377
44.022,2.2860165,-1.4369601,1.337538,44.031,-0.37797898,-0.38929832,0.08132449
44.032,2.6680822,-1.2459697,1.7700012,44.041,-0.32544458,-0.18832365,0.09842871
44.042,2.7462358,-0.76232547,1.7051768,44.051,-0.282684,0.018148802,0.07827016
44.052,2.5764685,-0.1282444,1.2065034,44.061,-0.2741319,0.17086512,0.027568344
44.062,2.1753674,0.4106126,0.5683582,44.071,-0.29245785,0.27593395,-0.03718337
44.072,1.5922499,0.6435863,0.056955338,44.084,-0.31322727,0.33152267,-0.10254595
44.085,0.99111843,0.60032547,-0.30840874,44.091,-0.33094236,0.34435084,-0.16302161
44.093,0.4634571,0.46509928,-0.6015624,44.101,-0.35720956,0.31991625,-0.21127996
44.102,0.13395119,0.3260041,-0.76601124,44.111,-0.38225505,0.29181644,-0.30168802
44.112,-0.1469183,0.25422555,-0.79353523,44.121,-0.37370294,0.26188403,-0.35422242
44.122,-0.3160696,0.12491304,-0.9858389,44.131,-0.37125948,0.23072991,-0.39270693
44.132,-0.32697868,0.08181918,-1.3472412,44.141,-0.38714197,0.20385185,-0.42263934
44.142,-0.4011612,0.044697225,-1.5879817,44.151,-0.41279832,0.20385185,-0.43119144
44.152,-0.51062775,-4.962683E-4,-1.670598,44.161,-0.4445633,0.2044627,-0.42386106
44.162,-0.6614256,-0.034252554,-1.7399908,44.171,-0.47571743,0.19468886,-0.3884309
44.172,-0.89586735,-0.11372152,-1.8214836,44.181,-0.500152,0.1678108,-0.333453
44.188,-1.1569719,-0.19177258,-1.8634272,44.191,-0.49831945,0.12138503,-0.27175564
44.192,-1.2442036,-0.2299284,-1.8758616,44.201,-0.47144136,0.055411585,-0.19845179
44.202,-1.2092667,-0.24970295,-1.7669847,44.211,-0.41585264,-0.0038423464,-0.13186748
44.212,-0.624876,-0.16069967,-1.0653145,44.221,-0.33949447,-0.047824644,-0.07994394
44.222,-0.18811035,-0.026254833,-0.61986566,44.231,-0.2441995,-0.06920493,-0.045735482
44.232,0.2873621,0.14767754,-0.19732642,44.241,-0.16417615,-0.061874546,-0.028631259
44.242,0.8873377,0.42676634,0.30958366,44.251,-0.059718188,0.01692707,-0.0683375
44.252,1.4603081,0.6508871,0.6737404,44.261,-0.00168599,0.09878301,-0.11537412
44.262,1.7894497,0.6115193,0.9290829,44.271,0.041685443,0.20018664,-0.16118902
44.272,1.8989735,0.4566785,0.92377543,44.281,0.08505688,0.28021,-0.20578218
44.282,1.9080029,0.33127105,0.7070401,44.291,0.11865447,0.35778987,-0.2546514
44.292,1.820077,0.17781621,0.5619681,44.301,0.15347378,0.43781322,-0.29802284
44.302,1.5681038,0.07610154,0.26640582,44.311,0.1864605,0.48240638,-0.3407834
44.312,1.0567608,-0.041199684,-0.17760992,44.321,0.22066896,0.4860716,-0.36582887
44.322,0.48952484,-0.07891494,-0.44259882,44.331,0.25671,0.47690862,-0.36582887
44.332,-0.06826973,-0.05274284,-0.6134567,44.341,0.2921402,0.4720217,-0.35422242
44.342,-0.67286205,-0.065779924,-0.7827461,44.351,0.33428988,0.44819796,-0.3249009
44.352,-1.2149181,-0.10197544,-0.96987975,44.361,0.37399614,0.39505267,-0.2827512
44.362,-1.7263594,-0.16075402,-1.2205011,44.371,0.41064805,0.3101424,-0.22227554
44.372,-2.1056256,-0.22058469,-1.4017594,44.381,0.4430239,0.20568445,-0.15019344
44.382,-2.3892574,-0.20155281,-1.4727386,44.392,0.4815084,0.03769649,-0.03718337
44.393,-2.6426868,-0.14571357,-1.3863597,44.401,0.50777566,-0.077757046,0.04345084
44.402,-2.7370949,-0.11220205,-1.3109182,44.411,0.52365816,-0.19687577,0.12103073
44.412,-2.621091,-0.018446445,-1.3226082,44.421,0.5297668,-0.30072287,0.18944764
44.422,-2.3813553,0.113399446,-1.2388893,44.431,0.5297668,-0.3807462,0.24503638
44.432,-1.9726853,0.2906174,-1.041774,44.441,0.52732337,-0.43083715,0.28596434
44.442,-1.4299445,0.45209843,-0.7999686,44.451,0.5267125,-0.4473305,0.3079555
44.452,-0.8274174,0.59129816,-0.51789045,44.461,0.53221023,-0.43938926,0.31711847
44.462,-0.21706009,0.7153248,-0.23119473,44.471,0.53831893,-0.40273735,0.31284243
44.472,0.2750349,0.81568056,-0.032314062,44.481,0.54137325,-0.3477595,0.30490118
44.482,0.7019243,0.8813144,0.08192253,44.495,0.53831893,-0.27628824,0.29085127
44.495,0.978961,0.9596135,0.15192962,44.501,0.54076236,-0.19870836,0.2810774
44.502,1.0522385,0.94324535,0.10559559,44.511,0.53831893,-0.12173934,0.2780231
44.512,0.8617859,0.8378736,0.055346012,44.521,0.5462602,-0.030109555,0.29146212
44.522,0.5800743,0.71829677,-0.0010695457,44.531,0.55359054,0.013872743,0.3134533
44.532,0.28260422,0.5883799,-0.04987836,44.541,0.5664187,0.04013995,0.3415531
44.542,-0.06829262,0.47812265,-0.049776554,44.551,0.5853555,0.045026876,0.37331808
44.552,-0.41083527,0.36712253,-0.02999401,44.561,0.6140662,0.026090048,0.40813738
44.562,-0.712059,0.22695088,0.036756992,44.571,0.6562159,-0.0056749433,0.44051325
44.572,-0.95784473,0.07991791,0.1360755,44.581,0.71302634,-0.045992047,0.47411084
44.582,-1.1184454,0.008324921,0.16709471,44.591,0.7667825,-0.08447656,0.50893015
44.592,-1.1997995,-0.06424993,0.120125055,44.601,0.81870604,-0.12662625,0.5394734
44.602,-1.1719999,-0.08453548,0.015886307,44.611,0.8620775,-0.1785498,0.5669623
44.612,-1.0341606,-0.07122028,-0.041378975,44.621,0.900562,-0.22864076,0.5883426
44.622,-0.80290985,0.009827316,-0.03026557,44.631,0.9378248,-0.268347,0.6036143
44.632,-0.5397949,0.19593844,0.026686907,44.641,0.96531373,-0.29278162,0.6115555
44.642,-0.30339813,0.32757732,0.13386369,44.651,0.9976896,-0.30255544,0.6225511
44.652,-0.11958504,0.42714837,0.21882224,44.661,1.0257894,-0.30438805,0.62621623
44.662,0.059778214,0.52022564,0.30459142,44.671,1.0844325,-0.28850555,0.6304923
44.672,0.25900364,0.6277442,0.41236687,44.681,1.1351342,-0.268347,0.627438
44.682,0.43873215,0.7190368,0.5630021,44.691,1.1919447,-0.23169509,0.627438
44.692,0.56580734,0.8024311,0.71879244,44.701,1.2481443,-0.18588018,0.62621623
44.702,0.6559658,0.90158725,0.8272891,44.711,1.3049548,-0.1400653,0.6237728
44.712,0.6899862,1.0176371,0.9125309,44.721,1.3587109,-0.096083,0.618275
44.722,0.6594801,1.0698179,1.0007911,44.731,1.4149106,-0.04965724,0.61522067
44.732,0.59437656,0.99747527,1.0655477,44.741,1.4674449,0.003488034,0.61522067
44.742,0.5258274,0.8721453,1.0275252,44.751,1.5071512,0.06396369,0.6207185
44.752,0.44661713,0.78714806,0.78741765,44.761,1.5346401,0.1201633,0.63476837
44.762,0.30383968,0.7425809,0.47437644,44.771,1.5633508,0.16842166,0.6598138
44.772,0.18579102,0.7274879,0.11127472,44.781,1.6048896,0.184915,0.6946332
44.782,0.042459488,0.29136923,-0.6305307,44.791,1.6696414,0.17575204,0.7312851
44.792,0.18578148,-0.029506117,-1.1106664,44.803,1.7343931,0.13543493,0.76366097
44.803,0.46191883,-0.4334014,-1.7082529,44.811,1.7869275,0.04013995,0.7728239
44.812,0.99285126,-0.79792786,-2.2450714,44.821,1.8590096,-0.21886691,0.7312851
44.822,1.6598663,-1.0397632,-2.3631694,44.831,1.911544,-0.41373292,0.6585921
44.832,2.1881266,-1.0186138,-1.9350592,44.841,1.9310917,-0.5291865,0.5657406
44.842,2.3886242,-0.7244103,-1.4199842,44.851,1.884055,-0.5163583,0.47166738
44.852,2.2954206,-0.39111462,-1.1232599,44.861,1.7771536,-0.41312206,0.40080702
44.862,1.99158,-0.2838782,-0.9564204,44.871,1.671474,-0.29400334,0.3623225
44.872,1.5755558,-0.30065602,-0.82841134,44.881,1.6012244,-0.18832365,0.36110076
44.882,0.9870081,-0.32625255,-0.8966758,44.891,1.5602964,-0.12112847,0.39897442
44.892,0.43096256,-0.35997894,-1.0361271,44.904,1.557853,-0.09180694,0.47411084
44.904,-0.1362238,-0.5508928,-0.863184,44.911,1.6103874,-0.061874546,0.5858992
44.912,-0.7250395,-0.8088691,-0.5131166,44.921,1.7014064,-0.020946573,0.7239547
44.922,-1.2524796,-1.0509167,-0.28916764,44.931,1.8040317,0.0114292875,0.87972534
44.932,-1.6287508,-1.170942,-0.28495443,44.941,1.8999375,0.01570534,1.036107
44.942,-1.7656274,-1.2155818,-0.55584466,44.951,1.9677436,-0.018503115,1.1656103
44.952,-1.5774469,-1.1798056,-0.81641173,44.961,2.0135584,-0.114408955,1.2639596
44.962,-1.1753111,-1.094619,-1.0675662,44.971,2.0050063,-0.17732808,1.2670139
44.972,-0.75398636,-1.0627927,-1.0467969,44.981,1.9573588,-0.21947777,1.2389141
44.982,-0.4005642,-1.0695603,-0.9083166,44.991,1.8816116,-0.22864076,1.180882
44.992,-0.15294838,-1.1125506,-0.67592,45.001,1.7783754,-0.21947777,1.0971935
45.002,0.11456394,-1.1568534,-0.47340727,45.011,1.671474,-0.22131038,0.98784846
45.012,0.39654827,-1.1442277,-0.29485154,45.021,1.5810659,-0.25002104,0.85834503
45.022,0.6681709,-1.0452882,-0.23075461,45.031,1.5230337,-0.30011198,0.73861545
45.032,0.8354988,-0.98252106,-0.08778179,45.041,1.4973774,-0.3385965,0.64698565
45.042,0.90244675,-0.9203553,0.120606184,45.051,1.49921,-0.33798563,0.5901752
45.052,1.0219545,-0.8268485,0.3726555,45.061,1.5181468,-0.2946142,0.5663515
45.062,1.2212782,-0.5165744,0.7083366,45.071,1.5499117,-0.21336913,0.56207544
45.072,1.175497,-0.32563388,0.73160875,45.081,1.5835093,-0.10768944,0.57734704
45.082,1.029993,-0.19358587,0.72183025,45.091,1.607944,0.008374959,0.6036143
45.092,0.7791195,-0.15006137,0.719007,45.101,1.6342112,0.17514116,0.63721186
45.102,0.46336746,-0.1957165,0.6766076,45.111,1.6562023,0.26127318,0.64759654
45.112,0.09453583,-0.28089643,0.46440852,45.121,1.666587,0.30342287,0.6451531
45.122,-0.31996155,-0.38417697,0.083745,45.131,1.667198,0.3015903,0.6390444
45.132,-0.7402439,-0.47098792,0.022712111,45.141,1.6549805,0.26188403,0.63171405
45.142,-1.1060038,-0.56372297,-0.25823534,45.151,1.6323786,0.19163454,0.6249945
45.152,-1.298008,-0.58735263,-0.34470952,45.161,1.6103874,0.104891665,0.609112
45.162,-1.4521599,-0.5941974,-0.45140874,45.171,1.5847311,-0.002620615,0.58406657
45.172,-1.421771,-0.55838585,-0.49749362,45.181,1.5609074,-0.11318722,0.5468038
45.182,-1.2563877,-0.48381507,-0.5649421,45.191,1.5383053,-0.22131038,0.50893015
45.192,-0.9990864,-0.38604462,-0.5859306,45.201,1.5138707,-0.30744237,0.4661696
45.202,-0.6890745,-0.2108382,-0.5399152,45.213,1.4937122,-0.367918,0.43196115
45.213,-0.28144455,0.100931525,-0.46537185,45.221,1.4784405,-0.39540696,0.38920057
45.222,0.10100651,0.35428,-0.39428687,45.231,1.4668341,-0.39601782,0.3501052
45.232,0.43258286,0.4694605,-0.2144891,45.241,1.4656124,-0.34837034,0.29940337
45.242,0.6876888,0.56031716,-0.031085372,45.251,1.4650015,-0.3068315,0.26397318
45.252,0.85325813,0.55655503,0.13262904,45.261,1.4595037,-0.25612968,0.2340408
45.262,0.91754436,0.5245503,0.29393446,45.271,1.4485081,-0.20359528,0.20899533
45.272,0.8591261,0.44574797,0.35212767,45.281,1.4295713,-0.15289347,0.18883677
45.282,0.78580856,0.37120676,0.39855993,45.291,1.4063585,-0.10524598,0.17173254
45.292,0.64968586,0.32661533,0.37638235,45.301,1.3825346,-0.059431084,0.15340659
45.302,0.49262905,0.26256633,0.32747364,45.311,1.3544348,-0.018503115,0.14118928
45.317,0.3350134,0.20130754,0.29905355,45.321,1.3300003,0.008985825,0.13324803
45.322,0.14672947,0.15397596,0.2396965,45.331,1.3110634,0.022424862,0.13080457
45.332,-0.02336216,0.07456279,0.19170976,45.341,1.2939593,0.029144377,0.13141544
45.342,-0.16933441,0.0026744604,0.15066862,45.351,1.281131,0.013261877,0.13446976
45.352,-0.35389423,-0.14035654,0.018347979,45.361,1.276855,-0.002620615,0.13508062
45.362,-0.37833118,-0.22120082,-0.058545828,45.371,1.2664703,-0.033774745,0.13813496
45.372,-0.4141655,-0.2942872,-0.055381775,45.381,1.2591399,-0.078367904,0.14913052
45.382,-0.37295723,-0.3076719,-0.09934473,45.391,1.2475334,-0.10768944,0.15829352
45.392,-0.24247837,-0.28476512,-0.15901852,45.401,1.2322618,-0.13090232,0.16073698
45.402,-0.13760757,-0.28762102,-0.15748191,45.411,1.2157685,-0.14556308,0.16073698
45.412,-0.0366621,-0.28295672,-0.109894276,45.421,1.2004968,-0.14678481,0.15768264
45.422,0.08336067,-0.25415158,-0.09410334,45.431,1.1876687,-0.15045,0.15340659
45.432,0.13736057,-0.16574466,-0.12431145,45.441,1.1687318,-0.15350434,0.14546533
45.442,0.16482353,-0.094494104,-0.10115147,45.451,1.145519,-0.1559478,0.13752408
45.452,0.20168495,0.024244785,-7.7557564E-4,45.461,1.1235278,-0.15045,0.13141544
45.462,0.24810314,0.15325022,0.008442402,45.471,1.0942063,-0.13823271,0.12469591
45.472,0.28868198,0.18157065,-0.022512674,45.481,1.067939,-0.12051761,0.12164159
45.482,0.3175974,0.117845654,-8.3589554E-4,45.491,1.0477805,-0.100969926,0.11736554
45.492,0.30015945,0.029986262,0.02049756,45.501,1.0251786,-0.08569829,0.11736554
45.502,0.26868343,-0.03308344,-0.0033323765,45.511,0.99707866,-0.06981579,0.11858727
45.512,0.2578869,-0.08138323,-0.043879986,45.521,0.9598159,-0.058820218,0.12469591
45.522,0.24977493,-0.085131764,-0.052478313,45.531,0.91400105,-0.04477032,0.1283611
45.532,0.21685982,-0.09962618,-0.046231985,45.541,0.8859012,-0.031942148,0.124085054
45.542,0.22246075,-0.08879888,-0.037148714,45.551,0.85535794,-0.022168305,0.11308947
45.552,0.23768806,-0.1226362,-0.090699196,45.561,0.8315342,-0.013005327,0.09781785
45.562,0.20024204,-0.19930649,-0.11718035,45.571,0.81198657,-0.0111727305,0.08560054
45.572,0.111198425,-0.2682377,-0.1398375,45.581,0.7979366,-0.022168305,0.07093978
45.582,0.043278694,-0.33450294,-0.17067695,45.591,0.78510845,-0.039883398,0.056889877
45.592,-0.025197983,-0.36336517,-0.1708107,45.601,0.7686151,-0.061874546,0.039174784
45.602,-0.06324959,-0.3261938,-0.2450223,45.611,0.7570087,-0.08447656,0.023292286
45.612,-0.11396217,-0.35003185,-0.19711375,45.624,0.7454022,-0.096693866,0.0031337347
45.625,-0.12443352,-0.3524319,-0.14064193,45.631,0.7301306,-0.10035905,-0.020690009
45.632,-0.08019161,-0.26944482,-0.09915757,45.641,0.71546984,-0.09913732,-0.04878981
45.642,-0.08885765,-0.26759148,-0.0504272,45.651,0.6983656,-0.089974344,-0.076278746
45.652,-0.09757614,-0.25224018,-0.022703886,45.661,0.6720984,-0.07042666,-0.13003488
45.662,-0.11602402,-0.27633238,-0.051513195,45.671,0.6531616,-0.059431084,-0.16179988
45.672,-0.13088512,-0.31922638,-0.08577156,45.681,0.6299487,-0.054544162,-0.19417574
45.682,-0.13395596,-0.35858285,-0.109276295,45.691,0.60429233,-0.058820218,-0.22349727
45.692,-0.10144043,-0.35823447,-0.080458164,45.701,0.5816904,-0.067983195,-0.2528188
45.702,-0.039385796,-0.3193333,-0.0013513565,45.711,0.5511471,-0.06553974,-0.27725342
45.712,0.0693264,-0.25307113,0.09699774,45.721,0.51877123,-0.05271157,-0.30229887
45.722,0.13870811,-0.19230336,0.18842936,45.731,0.4918931,-0.02644436,-0.3181814
45.732,0.17512703,-0.13763243,0.23090672,45.741,0.46012813,0.0022663027,-0.33223128
45.742,0.19784069,-0.063221276,0.24823427,45.751,0.43141747,0.030366108,-0.34200513
45.752,0.19486427,0.03786677,0.2320652,45.761,0.39720902,0.049913794,-0.34933552
45.762,0.18998623,0.14703298,0.22760177,45.771,0.3587245,0.06946149,-0.35849848
45.772,0.17002964,0.21499828,0.23005795,45.781,0.31657478,0.08962003,-0.37315926
45.782,0.14697075,0.22600216,0.24418688,45.791,0.28175548,0.104891665,-0.3951504
45.792,0.13982868,0.21628362,0.19258761,45.801,0.2408275,0.1201633,-0.4336349
45.802,0.12100792,0.13210547,0.12803364,45.811,0.19012569,0.12505022,-0.45623693
45.812,0.1347189,-0.024122357,0.16502404,45.821,0.14736512,0.11771984,-0.47639546
45.822,0.1675272,-0.05645427,-0.01467514,45.831,0.09605245,0.10733513,-0.4867802
45.832,0.1978674,-0.11229277,-0.05168104,45.841,0.049015827,0.096339546,-0.49655405
45.842,0.26048088,-0.12139177,0.09332061,45.851,0.0019792016,0.09878301,-0.5044953
45.852,0.38561535,-0.05547318,0.21198034,45.861,-0.04261396,0.113443784,-0.50877136
45.862,0.4670534,0.027151048,0.31240082,45.871,-0.07437895,0.13299146,-0.5130474
45.872,0.52286434,0.107926704,0.42653847,45.881,-0.09942443,0.14215446,-0.5136583
45.882,0.550437,0.12447862,0.4882114,45.891,-0.10797654,0.14765224,-0.49960837
45.892,0.55331516,0.069625035,0.60422206,45.901,-0.101257026,0.16048041,-0.47700635
45.902,0.54006195,0.022815645,0.6792085,45.911,-0.08781799,0.18430415,-0.44463047
45.912,0.49901962,-0.1688184,0.67713547,45.921,-0.056052994,0.2203452,-0.4110329
45.922,0.3991928,-0.34265405,0.5615506,45.932,-0.017568486,0.25944057,-0.37438098
45.933,0.23579979,-0.56786215,0.4125836,45.941,0.019694293,0.29303816,-0.3407834
45.942,0.036400795,-0.92661303,0.2492671,45.951,0.081391685,0.3241923,-0.28580552
45.952,-0.14656639,-1.3250597,0.08559799,45.961,0.11560014,0.3241923,-0.24976447
45.962,-0.3079424,-1.5649776,-0.061009407,45.971,0.14369993,0.29548162,-0.22471899
45.972,-0.4616289,-1.7209595,-0.04791665,45.981,0.17179973,0.24722329,-0.20822564
45.982,-0.46804237,-1.7899712,0.11808419,45.991,0.20845164,0.20385185,-0.20150612
45.992,-0.30896473,-1.6436446,0.39766312,46.001,0.2493796,0.18674761,-0.19845179
46.002,-0.17514229,-1.2867247,0.6575048,46.011,0.29336193,0.1855259,-0.20150612
46.012,-0.086481094,-0.8426728,0.84227943,46.021,0.33673334,0.19835407,-0.20639305
46.022,-0.036684036,-0.3778528,0.8911848,46.034,0.38865688,0.22706473,-0.2106691
46.034,-0.01713562,0.092331976,0.7652712,46.041,0.4344718,0.25455365,-0.2192212
46.042,-0.06862354,0.50490415,0.5536728,46.051,0.47723237,0.26249492,-0.22899505
46.052,-0.15476608,0.85363376,0.29612517,46.061,0.5126626,0.26982528,-0.2369363
46.062,-0.23717785,1.1142238,0.07144737,46.071,0.53892976,0.26066232,-0.24487755
46.072,-0.3713522,1.3133067,-0.0902102,46.081,0.55908835,0.24050376,-0.24487755
46.082,-0.45453644,1.4317758,-0.29243135,46.091,0.56214267,0.17330858,-0.22349727
46.092,-0.49766254,1.5518203,-0.36102796,46.101,0.5578666,0.12138503,-0.20639305
46.102,-0.4500656,1.706078,-0.4217615,46.111,0.54076236,0.0883983,-0.18623449
46.112,-0.4225254,1.8178108,-0.35675693,46.121,0.5346537,0.07740273,-0.1648542
46.122,-0.33893204,1.8342965,-0.1395309,46.131,0.53831893,0.079846196,-0.1563021
46.132,-0.15574265,1.8796904,-0.13035202,46.141,0.54320586,0.08534398,-0.14958258
46.142,-0.007060051,1.8169241,-0.22741365,46.151,0.55725574,0.093285225,-0.14591739
46.152,0.12275982,1.6186388,-0.24059534,46.161,0.5676404,0.10916772,-0.13980873
46.162,0.27096558,1.3309295,-0.24612164,46.171,0.5816904,0.12627196,-0.13675441
46.172,0.40401745,1.1476514,-0.12690377,46.181,0.58657724,0.15253916,-0.13308921
46.182,0.46951103,1.0632463,-0.049180508,46.191,0.59024245,0.18308243,-0.13736527
46.192,0.44625092,0.91717565,-6.1249733E-4,46.201,0.59390765,0.21606916,-0.1404196
46.202,0.3126793,0.8247368,-0.042313814,46.211,0.596962,0.24966675,-0.14347392
46.212,0.11066151,0.7737147,-0.2016356,46.221,0.59390765,0.27593395,-0.14103046
46.222,-0.14327812,0.7464079,-0.33304548,46.231,0.5951294,0.27532306,-0.13675441
46.232,-0.3912611,0.7103946,-0.3825903,46.241,0.6006272,0.25944057,-0.122704506
46.242,-0.63619995,0.6770468,-0.43030858,46.251,0.6183423,0.22828645,-0.10926546
46.252,-0.79476166,0.6471958,-0.4328196,46.261,0.64277685,0.18308243,-0.09032865
46.262,-0.9258938,0.59788847,-0.3521254,46.271,0.6769853,0.13665667,-0.06283972
46.272,-0.9977474,0.53597057,-0.32647848,46.281,0.71852416,0.08412225,-0.030463856
46.282,-1.0377779,0.37770545,-0.2408669,46.291,0.75761956,0.037085623,0.009242386
46.292,-1.0544481,0.19562781,-0.10781479,46.301,0.7979366,0.0010445714,0.057500742
46.302,-0.9685669,0.039530635,-0.059909105,46.311,0.84008634,-0.030109555,0.10453737
46.312,-0.8614359,-0.080072165,-0.017229319,46.321,0.87307304,-0.055765893,0.14546533
46.322,-0.6993437,-0.18630731,-0.011375427,46.331,0.89995116,-0.07470272,0.18272813
46.332,-0.50959206,-0.27230418,0.044435263,46.343,0.9219423,-0.077757046,0.21021706
46.343,-0.35139465,-0.2911077,0.13060713,46.351,0.9402682,-0.064928874,0.23281907
46.352,-0.2350502,-0.21224606,0.1776557,46.361,0.9561507,-0.053322434,0.24625811
46.362,-0.108929634,-0.048521996,0.16386914,46.371,0.96592456,-0.031942148,0.2529776
46.372,-0.022969246,0.16593242,0.075217485,46.381,0.96592456,-0.02644436,0.24625811
46.382,0.059617996,0.40007174,-0.08438587,46.391,0.9622594,-0.030720416,0.23831686
46.392,0.10984516,0.6453178,-0.20509458,46.401,0.95004207,-0.029498689,0.23465167
46.402,0.065621376,0.85055363,-0.24687028,46.411,0.92927265,-0.020946573,0.23526253
46.412,-0.0106573105,1.0494654,-0.3000579,46.421,0.9023946,-0.011783596,0.23465167
46.422,-0.012322426,1.2990443,-0.34928894,46.431,0.8724622,-7.880181E-4,0.22854301
46.432,0.009317398,1.5467058,-0.31322813,46.441,0.84558415,0.018148802,0.2218235
46.445,0.0018720627,1.6603186,-0.2704165,46.451,0.8089322,0.040750816,0.21204965
46.452,-0.032105446,1.6901476,-0.20458388,46.461,0.7796107,0.06762888,0.20899533
46.462,-0.09859085,1.6226553,-0.18560171,46.471,0.7490674,0.08534398,0.2077736
46.472,-0.21703434,1.5005426,-0.12425685,46.481,0.71791327,0.09084176,0.20838445
46.482,-0.53748894,1.1564859,-0.03423333,46.491,0.6904244,0.079846196,0.21388225
46.492,-0.573328,1.0282509,-0.026503801,46.501,0.6580485,0.057244174,0.22487782
46.502,-0.5883198,0.91929126,0.053032637,46.511,0.6006272,0.03280957,0.23892772
46.512,-0.5801153,0.8534279,0.20992994,46.521,0.5645861,0.013261877,0.2499233
46.522,-0.5448904,0.82018995,0.38875532,46.531,0.5315994,0.0028771684,0.2517559
46.532,-0.50132847,0.80532765,0.5956423,46.541,0.50227785,-0.0038423464,0.25053415
46.542,-0.4528246,0.78322923,0.7846775,46.551,0.48273015,0.0010445714,0.24870157
46.552,-0.40982342,0.77855515,0.86159945,46.561,0.4729563,0.015094474,0.24198204
46.562,-0.41514206,0.75341284,0.86775756,46.571,0.4625716,0.02120313,0.24137118
46.572,-0.43562603,0.7561978,0.8220918,46.581,0.4534086,0.029755242,0.24198204
46.582,-0.49518776,0.7545655,0.7999258,46.591,0.4448565,0.037085623,0.24564724
46.592,-0.5951433,0.7571976,0.7608137,46.601,0.438137,0.03586389,0.2529776
46.602,-0.7045717,0.73277307,0.71154404,46.611,0.43386093,0.030366108,0.26275146
46.612,-0.81778526,0.7010584,0.6396301,46.621,0.4277523,0.016316205,0.2798557
46.622,-0.8729,0.6806618,0.5675261,46.631,0.4271414,-0.002620615,0.29512733
46.632,-0.8784313,0.6736449,0.5329509,46.641,0.4185893,-0.02155744,0.3134533
46.642,-0.82603455,0.64828026,0.5847995,46.651,0.42103276,-0.039883398,0.33177924
46.652,-0.76473427,0.5780182,0.6679363,46.661,0.43569353,-0.058209352,0.35682473
46.662,-0.6934624,0.49829876,0.7944226,46.671,0.44791082,-0.06920493,0.3708746
46.672,-0.5998106,0.42003715,0.89390206,46.681,0.460739,-0.06553974,0.3849245
46.682,-0.5073643,0.2968706,0.9877939,46.691,0.47356716,-0.05271157,0.40019614
46.692,-0.40872574,0.21639204,1.0621288,46.701,0.48089755,-0.03316388,0.41058084
46.702,-0.35997677,0.14026773,1.1139431,46.711,0.48761708,-0.0111727305,0.42096555
46.712,-0.3357792,0.11108029,1.1428668,46.721,0.4973909,0.0040988997,0.42890683
46.722,-0.32903385,0.13033819,1.1268868,46.731,0.50227785,0.014483608,0.42646337
46.732,-0.31963158,0.17994416,1.0525334,46.741,0.50472134,0.013872743,0.42524162
46.742,-0.3007717,0.24640143,0.8936987,46.753,0.50288874,0.0022663027,0.41913298
46.754,-0.29665852,0.31708705,0.77365303,46.761,0.4998344,-0.014227055,0.4148569
46.762,-0.34332657,0.5703511,0.71192265,46.771,0.49250397,-0.027055226,0.41241345
46.772,-0.35426044,0.7160741,0.76267314,46.781,0.4906714,-0.036218204,0.4063048
46.782,-0.3555374,0.83389735,0.85822606,46.791,0.49800178,-0.034996476,0.4044722
46.792,-0.38156033,0.8533248,0.93641424,46.801,0.52121466,-0.02155744,0.39653096
46.802,-0.33151913,0.8824667,0.84827924,46.811,0.5309885,-0.013616189,0.39469835
46.812,-0.20249939,0.8987572,0.47455096,46.821,0.5474819,-0.045992047,0.38920057
46.822,0.12009525,0.90109015,0.07158184,46.831,0.57497084,-0.13517837,0.3745398
46.832,0.6045046,0.86507654,-0.42143154,46.841,0.6024598,-0.28972727,0.34949434
46.842,1.2466993,0.87025666,-0.7232506,46.851,0.63055956,-0.46138042,0.31406415
46.852,2.0036478,0.9955733,-0.7730746,46.861,0.6317813,-0.5566754,0.2725253
46.862,2.8755426,1.0723405,-0.5968807,46.871,0.6030706,-0.52002347,0.22732128
46.872,3.5453787,0.9684833,-0.25821042,46.881,0.55359054,-0.35692245,0.17356513
46.882,3.851346,0.7008213,-0.013890028,46.891,0.4986126,-0.13884357,0.12041986
46.892,3.6008272,0.3521788,0.20455861,46.901,0.4552412,0.07740273,0.07827016
46.902,2.8558397,0.027148962,0.26915956,46.911,0.42469794,0.25821885,0.06849632
46.912,1.7935095,-0.2755252,0.13912368,46.921,0.40331766,0.38772228,0.09537439
46.922,0.6444025,-0.5840549,-0.16965222,46.931,0.3868243,0.45919353,0.15157399
46.932,-0.36822033,-0.79061174,-0.44674397,46.941,0.39659813,0.48057377,0.2706927
46.942,-1.180521,-0.8757143,-0.69058657,46.951,0.41248065,0.4518631,0.35804644
46.952,-1.8185859,-0.94650495,-1.0018001,46.961,0.45096514,0.35962248,0.44601104
46.962,-2.2974644,-0.97259617,-1.311352,46.971,0.49678007,0.21973434,0.5290887
46.972,-2.4843736,-0.91878283,-1.5631456,46.981,0.5438167,0.049913794,0.6042251
46.982,-2.3955655,-0.8634081,-1.6670984,46.991,0.57252735,-0.10402425,0.66836596
46.992,-1.9164786,-0.6793504,-1.5474627,47.001,0.569473,-0.19321057,0.7007418
47.002,-1.0734453,-0.38087738,-1.261405,47.011,0.5450384,-0.22680816,0.695244
47.012,-0.25105095,-0.14142716,-1.0349528,47.021,0.5126626,-0.2329168,0.6555378
47.022,0.3351221,-0.08241004,-0.7753395,47.031,0.4821193,-0.2066496,0.6097229
47.032,0.7218189,-0.17775017,-0.56593657,47.041,0.45463035,-0.13945442,0.56268626
47.042,0.95781326,-0.66887134,-0.46910906,47.051,0.43569353,-0.052100703,0.5217583
47.052,1.0815134,-0.9501474,-0.5672884,47.061,0.419811,0.02853351,0.48816073
47.062,1.0433817,-1.2383032,-0.6857413,47.071,0.419811,0.08412225,0.46189353
47.072,0.9706726,-1.4827652,-0.8011825,47.081,0.44180217,0.12932628,0.432572
47.082,0.8427,-1.6451895,-0.84659314,47.091,0.4729563,0.13787839,0.42646337
47.092,0.7051277,-1.7191751,-0.8436458,47.101,0.50960827,0.13910013,0.432572
47.102,0.5195856,-1.6727675,-0.7898116,47.111,0.53709716,0.13421321,0.45639575
47.112,0.30757904,-1.5598361,-0.75805986,47.121,0.55175793,0.12749368,0.48938248
47.122,0.14224339,-1.3944836,-0.74028623,47.131,0.5480928,0.12321762,0.5303104
47.132,0.01899147,-1.1933105,-0.7263099,47.141,0.5285451,0.09939388,0.5669623
47.142,0.0021629333,-0.9821371,-0.68119395,47.151,0.50288874,0.08778744,0.5913969
47.152,-0.022687912,-0.8114576,-0.58966446,47.161,0.47601062,0.084733106,0.61216635
47.162,-0.12470341,-0.6733552,-0.514936,47.171,0.44791082,0.078624465,0.6292706
47.172,-0.28007412,-0.5002777,-0.57854056,47.181,0.42836314,0.054189853,0.6439313
47.182,-0.5000925,-0.37479544,-0.67795694,47.191,0.4130915,-0.0111727305,0.65248346
47.192,-0.6445627,-0.2653788,-0.7421365,47.201,0.40515026,-0.08630916,0.6585921
47.202,-0.749609,-0.10837153,-0.7080091,47.211,0.39293295,-0.17488462,0.6579813
47.212,-0.85506916,0.0305667,-0.75503874,47.221,0.3550593,-0.30316633,0.6439313
47.222,-0.8314333,0.20167291,-0.7189195,47.231,0.33001384,-0.36975062,0.6231619
47.232,-0.7262516,0.2596154,-0.585004,47.241,0.30191404,-0.42717195,0.5883426
47.242,-0.5464258,0.27720043,-0.37719822,47.251,0.28114462,-0.44977397,0.5480255
47.252,-0.3329897,0.2429612,-0.14575553,47.261,0.26465124,-0.45221743,0.500378
47.262,-0.06771374,0.16391835,0.0014314651,47.271,0.2530448,-0.43022627,0.44417843
47.272,0.11805725,0.065953344,0.15712738,47.281,0.2426601,-0.3844114,0.39103317
47.282,0.31464863,-0.13489863,0.24082303,47.291,0.23471886,-0.3300444,0.3409422
47.292,0.46222496,-0.30531684,0.29873204,47.301,0.22677761,-0.27506652,0.30001426
47.302,0.45298004,-0.45517075,0.34054208,47.311,0.21333857,-0.2280299,0.2676384
47.312,0.39209557,-0.55375034,0.3489058,47.321,0.20417559,-0.19382143,0.23892772
47.322,0.2936449,-0.5683526,0.38728285,47.331,0.18584964,-0.17488462,0.21082792
47.332,0.026806831,-0.4161951,0.4223945,47.341,0.17302147,-0.17366289,0.18517157
47.342,-0.08437443,-0.2948615,0.4330666,47.351,0.1583607,-0.1785498,0.1637913
47.352,-0.13701248,-0.18345046,0.47995067,47.365,0.13636956,-0.17916067,0.13080457
47.365,-0.15380192,-0.080810726,0.52052855,47.371,0.12476312,-0.17427376,0.110646024
47.372,-0.16091824,0.010467291,0.56746125,47.381,0.11010235,-0.16694337,0.08315708
47.382,-0.14157009,0.12431526,0.6634364,47.391,0.105826296,-0.15106088,0.05200295
47.392,-0.084877014,0.21462211,0.68198824,47.401,0.09605245,-0.13701096,0.014740174
47.402,-0.06517029,0.2545631,0.6462059,47.411,0.08200255,-0.12479366,-0.031074721
47.412,-0.05382061,0.2434709,0.6341772,47.421,0.06673092,-0.11929588,-0.083609134
47.422,-0.039045334,0.19761106,0.6035787,47.431,0.04229631,-0.10891117,-0.13980873
47.432,-0.057852745,0.07998043,0.6078578,47.441,0.023359485,-0.095472135,-0.19539747
47.442,-0.12812614,-0.03763795,0.6156626,47.451,0.0038117976,-0.08447656,-0.24426669
47.452,-0.19363308,-0.15592498,0.56633687,47.461,-0.012070699,-0.08692002,-0.28763813
47.462,-0.26161575,-0.25416476,0.5708585,47.471,-0.023066273,-0.09913732,-0.32245743
47.472,-0.32145596,-0.34427378,0.65166795,47.481,-0.028564062,-0.11624155,-0.35544416
47.482,-0.2977934,-0.3974708,0.6774814,47.491,-0.032840118,-0.13090232,-0.37682444
47.492,-0.2753744,-0.45889995,0.83192825,47.501,-0.02489887,-0.12540454,-0.39759386
47.502,-0.24294662,-0.49640724,1.0168895,47.511,-0.017568486,-0.1137981,-0.40492424
47.512,-0.15121937,-0.4943635,1.1442578,47.521,-0.005962047,-0.09913732,-0.40858945
47.522,-0.043229103,-0.49448943,1.232906,47.531,0.003200932,-0.09913732,-0.40858945
47.532,0.056752205,-0.5143986,1.246169,47.541,0.008087853,-0.047824644,-0.40492424
47.542,0.14486217,-0.56687725,1.2059157,47.551,0.011753045,-0.017892249,-0.39453954
47.552,0.23014927,-0.62616,1.1004035,47.561,0.015418237,0.017537937,-0.3774353
47.562,0.32098198,-0.639239,0.9596518,47.571,0.006866124,0.052357256,-0.36460713
47.572,0.3944893,-0.60659844,0.82848215,47.581,-0.01695762,0.08778744,-0.35727677
47.582,0.4554367,-0.55124825,0.7788129,47.591,-0.04994434,0.12688282,-0.35361156
47.592,0.46088028,-0.4823802,0.8230727,47.601,-0.09392664,0.16658905,-0.34994638
47.602,0.43121815,-0.40951896,0.9564171,47.611,-0.14279586,0.2117931,-0.3548333
47.612,0.30929565,-0.2528855,1.1690569,47.621,-0.18861076,0.24722329,-0.36399627
47.622,0.24826813,-0.2559893,1.244849,47.631,-0.22709528,0.27715567,-0.38171136
47.632,0.165349,-0.32327977,1.18959,47.641,-0.27840796,0.3009794,-0.41347635
47.642,0.07957077,-0.5189303,1.0506833,47.651,-0.30467516,0.28876212,-0.42630452
47.652,0.060634613,-0.7766645,0.7041218,47.661,-0.32605544,0.23744944,-0.42019588
47.662,0.096634865,-1.0266248,0.11139822,47.675,-0.35110092,0.15131742,-0.38048965
47.676,0.10381603,-1.2610041,-0.50651395,47.681,-0.39386147,0.0059314966,-0.31268358
47.682,0.26509857,-1.3291452,-0.9837774,47.691,-0.45067194,-0.18160413,-0.23082766
47.692,0.60226536,-1.2863083,-1.0473251,47.701,-0.49282166,-0.35570073,-0.14408478
47.702,1.1768951,-1.1539649,-0.57917094,47.711,-0.4885456,-0.44855225,-0.06528318
47.712,1.8382511,-0.9374527,0.2098682,47.721,-0.43356773,-0.40701342,-0.005418379
47.722,2.410037,-0.7206442,1.0331609,47.731,-0.32972065,-0.23719287,0.022681423
47.732,2.6805887,-0.53968877,1.5316637,47.741,-0.22098662,0.0065423623,0.017183635
47.743,2.553174,-0.43590313,1.4435186,47.751,-0.14157414,0.23256251,-0.028020393
47.752,2.104989,-0.45513213,0.8696418,47.761,-0.094537504,0.40482652,-0.09582643
47.762,1.4115295,-0.4776672,0.20338607,47.771,-0.07498982,0.5208909,-0.1789041
47.772,0.65579605,-0.3950842,-0.57140017,47.781,-0.094537504,0.56976014,-0.27297735
47.783,-0.122779846,-0.2612763,-1.3697441,47.791,-0.16661961,0.49401283,-0.41530895
47.793,-0.9118643,-0.15174189,-2.0500684,47.801,-0.23259306,0.3400748,-0.49166712
47.803,-1.6167488,-0.078277715,-2.5846772,47.813,-0.29795563,0.12199589,-0.54786676
47.814,-2.0552454,0.050100833,-2.973827,47.821,-0.35110092,-0.13334578,-0.58268607
47.822,-2.1396303,0.18087591,-3.048607,47.831,-0.38347676,-0.35142466,-0.5961251
47.832,-1.8047419,0.30649525,-2.66742,47.841,-0.39508322,-0.47298685,-0.5869621
47.842,-1.260088,0.35353315,-1.9884713,47.851,-0.39263976,-0.4998649,-0.56313837
47.853,-0.64874744,0.4628446,-1.3782299,47.862,-0.3584313,-0.46076953,-0.533206
47.862,-0.12329292,0.6381254,-0.7303859,47.871,-0.30895123,-0.3807462,-0.49960837
47.872,0.25448895,0.8411007,-0.39396393,47.881,-0.2564168,-0.29094902,-0.4586804
47.882,0.43518734,0.99506235,-0.26323247,47.892,-0.19777374,-0.20787135,-0.41347635
47.892,0.5881767,1.0902815,-0.32785785,47.9,-0.13974154,-0.13945442,-0.37315926
47.902,0.51888657,1.090169,-0.47374403,47.911,-0.10858741,-0.07409185,-0.34017253
47.912,0.4533434,1.0544275,-0.6162579,47.921,-0.10247876,-0.028887823,-0.32184657
47.922,0.37910938,0.9957345,-0.79025304,47.931,-0.123248175,0.0059314966,-0.31695965
47.932,0.3391695,0.93018365,-0.7341186,47.941,-0.14035241,0.010818422,-0.32367918
47.942,0.29831886,0.8628443,-0.706107,47.951,-0.16051096,-1.7715245E-4,-0.3389508
47.952,0.3126335,0.7705454,-0.6081126,47.961,-0.17395,-0.009340137,-0.3615528
47.962,0.38348198,0.7030414,-0.42159605,47.971,-0.17456086,-0.0068966746,-0.38415483
47.972,0.43452644,0.6676547,-0.21854484,47.983,-0.17150654,0.008374959,-0.4092003
47.983,0.41097736,0.6891872,-0.081566334,47.991,-0.16478701,0.03586389,-0.42874798
47.992,0.35260296,0.7267279,0.05286789,48.001,-0.15256971,0.07373754,-0.4391327
48.002,0.22115707,0.7456529,0.17438745,48.011,-0.13485461,0.10061561,-0.44035444
48.012,0.002005577,0.75718266,0.24232781,48.021,-0.114696056,0.12566108,-0.43607837
48.022,-0.27988148,0.7358339,0.3014468,48.031,-0.08537453,0.12199589,-0.42447194
48.032,-0.5937834,0.6927186,0.33506954,48.041,-0.05666386,0.1024482,-0.3988156
48.042,-0.83146095,0.6364137,0.34282494,48.051,-0.023066273,0.06640715,-0.36827233
48.052,-1.0554943,0.5727502,0.32265747,48.061,0.0019792016,0.024257451,-0.33650735
48.062,-1.182272,0.5378791,0.25480974,48.071,0.020916024,-0.051489837,-0.28214034
48.072,-1.25109,0.5006585,0.1329583,48.081,0.033744197,-0.107078575,-0.24915361
48.087,-1.1763353,0.49484634,0.12278044,48.091,0.03557679,-0.14739567,-0.22349727
48.092,-1.070219,0.4708655,0.043408513,48.101,0.034965925,-0.17244115,-0.20272785
48.102,-0.9360304,0.4455861,-0.024159908,48.111,0.032522466,-0.19076711,-0.18318017
48.112,-0.8060131,0.42238545,-0.15561211,48.121,0.028246408,-0.20115182,-0.16974112
48.122,-0.673995,0.41390812,-0.24862647,48.131,0.026413811,-0.20909306,-0.15446949
48.132,-0.56748486,0.42990184,-0.34773016,48.141,0.020305159,-0.21764517,-0.13736527
48.142,-0.5164404,0.47045338,-0.43131888,48.151,0.017250832,-0.21703431,-0.11903931
48.152,-0.47639942,0.54135144,-0.4678161,48.161,0.015418237,-0.2243647,-0.09888075
48.162,-0.4211645,0.6019889,-0.50327563,48.171,0.0074769887,-0.23536026,-0.07750048
48.172,-0.39391804,0.6333256,-0.5564724,48.181,-0.004129451,-0.24941018,-0.05001154
48.182,-0.34570217,0.6073735,-0.48722434,48.191,-0.023677139,-0.25368622,-0.019468281
48.192,-0.27637386,0.613202,-0.37809038,48.201,-0.043835692,-0.24696672,0.023903152
48.202,-0.20259571,0.6496177,-0.22944176,48.211,-0.07071376,-0.23047334,0.045894302
48.212,-0.14546585,0.7253398,-0.106832266,48.221,-0.08903972,-0.20420614,0.062387664
48.222,-0.141819,0.8035636,-0.0794332,48.231,-0.10919827,-0.18771279,0.070328906
48.232,-0.10557461,0.8392936,-0.04554379,48.241,-0.1281351,-0.1718303,0.069107175
48.242,-0.056952477,0.87823653,-0.049473763,48.251,-0.14890452,-0.16694337,0.06422026
48.252,-0.028424263,0.8949845,-0.06619394,48.261,-0.16478701,-0.16022384,0.056889877
48.262,0.0015974045,0.87144613,-0.01564908,48.271,-0.1825021,-0.14495221,0.05017036
48.272,-0.027827263,0.81150055,0.04733789,48.281,-0.19655201,-0.13212405,0.044061705
48.282,-0.08206272,0.71183765,0.14090776,48.291,-0.20632586,-0.12112847,0.04345084
48.292,-0.16839123,0.59226656,0.28064406,48.301,-0.21854316,-0.10585684,0.05017036
48.302,-0.25820255,0.42762744,0.42427576,48.311,-0.22709528,-0.096693866,0.061165933
48.312,-0.33961678,0.19669724,0.5673145,48.321,-0.22892787,-0.089974344,0.08254622
48.322,-0.37938213,-0.022663713,0.682758,48.331,-0.23503652,-0.089363486,0.11186774
48.332,-0.3884468,-0.19504535,0.77111125,48.341,-0.23625825,-0.08875261,0.14302188
48.342,-0.34042263,-0.31102705,0.90409446,48.351,-0.23381479,-0.07714618,0.17723033
48.352,-0.2614746,-0.32128978,1.0206994,48.361,-0.21060191,-0.07287012,0.19066937
48.362,-0.18608665,-0.26302576,1.1049558,48.371,-0.18799989,-0.06553974,0.19494542
48.372,-0.1235466,-0.22600949,1.2913747,48.382,-0.16112183,-0.06248541,0.19922148
48.382,-0.081160545,-0.2195437,1.3159842,48.393,-0.1281351,-0.056987625,0.19738889
48.394,-0.03952217,-0.2152096,1.368817,48.401,-0.10064616,-0.047824644,0.19799975
48.402,0.0012102127,-0.19368398,1.4102249,48.411,-0.071324624,-0.027055226,0.20533013
48.412,0.059197426,-0.16816962,1.466611,48.421,-0.04139223,0.0047097653,0.21632572
48.422,0.07473278,-0.08350456,1.5059396,48.431,-0.024288004,0.048081197,0.22854301
48.432,0.09464359,0.10129762,1.4722681,48.441,-0.012070699,0.0938961,0.23770599
48.442,0.09391022,0.35281336,1.4053497,48.451,-0.0035185856,0.13482407,0.23526253
48.452,0.12882519,0.625422,1.2893609,48.461,0.0056443927,0.16536734,0.22732128
48.462,0.014908791,0.82855403,1.1388057,48.471,0.0160291,0.184915,0.21571484
48.472,-0.10792732,0.8902526,1.045614,48.481,0.024581214,0.19285628,0.20594099
48.482,-0.25547218,0.9111918,0.9738449,48.491,0.025802946,0.20324099,0.2077736
48.497,-0.4206543,0.89973056,0.8982142,48.501,0.023970349,0.20690617,0.21388225
48.502,-0.59521294,0.8569875,0.86059797,48.511,0.023970349,0.19957578,0.22487782
48.512,-0.7435484,0.7630811,0.8001014,48.521,0.024581214,0.184915,0.2444255
48.522,-0.8575449,0.6646476,0.74970436,48.531,0.024581214,0.17147598,0.26641664
48.532,-0.945611,0.5765557,0.7247906,48.541,0.022137754,0.15437174,0.2939056
48.542,-0.9348383,0.553281,0.725621,48.551,0.014807371,0.13482407,0.32139453
48.552,-0.855216,0.5565475,0.72608566,48.561,0.005033528,0.11710898,0.34216395
48.562,-0.70309067,0.564364,0.70218,48.571,0.009309584,0.101837344,0.35560298
48.572,-0.51312256,0.59746903,0.6420591,48.581,0.0160291,0.078624465,0.36110076
48.582,-0.3178606,0.59413815,0.4835949,48.591,0.0319116,0.048081197,0.35987905
48.592,-0.10793018,0.57063484,0.32486057,48.601,0.062454864,0.012651011,0.35499212
48.602,0.118943214,0.53351,0.19291925,48.611,0.10093937,-0.030720416,0.34644002
48.612,0.36372948,0.4505424,0.0061261654,48.621,0.14492166,-0.09058521,0.33788788
48.622,0.7122936,0.371827,-0.16930544,48.631,0.1882931,-0.16022384,0.32444885
48.632,1.1453943,0.2837717,-0.28486872,48.641,0.23410799,-0.25002104,0.2816883
48.642,1.6497326,0.26509434,-0.32796288,48.651,0.24876875,-0.27934256,0.2322082
48.652,2.08315,0.2541805,-0.31366575,48.661,0.23777318,-0.25857314,0.1815064
48.662,2.3569117,0.22141868,-0.1753583,48.671,0.20661905,-0.1803824,0.13813496
48.672,2.4086733,0.1964125,-0.067396045,48.681,0.1601933,-0.064928874,0.10881342
48.682,2.2054453,0.13287175,-0.051965952,48.691,0.10826976,0.056022443,0.09537439
48.692,1.8477736,0.07651067,-0.14406228,48.702,0.06917438,0.16964337,0.09598525
48.703,1.3677492,0.011613309,-0.25072157,48.711,0.052681018,0.27532306,0.116754666
48.712,0.716032,-0.12503183,-0.25598717,48.721,0.061844,0.35717902,0.15890437
48.722,-0.012138367,-0.29468933,-0.3023672,48.731,0.09544159,0.39199835,0.21632572
48.732,-0.69563484,-0.4712264,-0.42105043,48.741,0.14736512,0.38344622,0.28413174
48.742,-1.6155148,-0.7460785,-0.648396,48.751,0.21700376,0.3290792,0.35499212
48.752,-1.7731743,-0.717116,-0.83851814,48.761,0.27320337,0.23256251,0.41424605
48.762,-1.7129459,-0.53864217,-0.9897164,48.771,0.31718567,0.12138503,0.4783869
48.772,-1.4243517,-0.27849427,-1.0205666,48.781,0.33367902,-0.029498689,0.496102
48.782,-0.98210907,0.045893133,-0.99702656,48.791,0.3116879,-0.09180694,0.49488026
48.792,-0.52429867,0.32798868,-0.9970602,48.804,0.26831645,-0.13273491,0.47105652
48.804,-0.08024979,0.55955696,-0.93664634,48.811,0.21028425,-0.13945442,0.42768508
48.812,0.2501974,0.6902023,-0.8955027,48.821,0.14736512,-0.12723713,0.37270722
48.822,0.5272083,0.84975255,-0.85957456,48.831,0.07772649,-0.100969926,0.3061229
48.832,0.6962042,0.92293143,-0.82254505,48.841,0.012363911,-0.066150606,0.2340408
48.842,0.74523926,0.8641628,-0.7215991,48.851,-0.045668285,-0.02522263,0.18333898
48.852,0.68996906,0.56966275,-0.6356367,48.861,-0.088428855,0.008985825,0.15462832
48.862,0.6643419,0.2620315,-0.48555517,48.871,-0.117750384,0.04930293,0.15096313
48.872,0.6181812,-0.03328353,-0.31059718,48.881,-0.14035241,0.09084176,0.15646091
48.882,0.6005945,-0.27230772,-0.14213777,48.891,-0.16723047,0.13299146,0.17539774
48.892,0.5672426,-0.43840954,-0.06497979,48.902,-0.20449325,0.17208683,0.20227581
48.903,0.59704494,-0.5689754,-0.037965775,48.911,-0.26069286,0.19896492,0.2303756
48.912,0.5723896,-0.66264737,-0.12290478,48.921,-0.3651508,0.2185126,0.27680135
48.922,0.5601244,-0.65445936,-0.24345696,48.931,-0.44395244,0.20934963,0.30001426
48.932,0.53570366,-0.59063923,-0.43929875,48.941,-0.52703005,0.20324099,0.31589675
48.942,0.51716995,-0.5026856,-0.59329414,48.951,-0.59972304,0.19835407,0.32689232
48.952,0.46137142,-0.43397418,-0.73845994,48.961,-0.663253,0.19285628,0.32811406
48.962,0.327631,-0.35886285,-0.84966683,48.971,-0.7194526,0.18613675,0.3183402
48.972,0.22369194,-0.23972557,-0.9651736,48.981,-0.7689327,0.17269772,0.2975708
48.982,0.08224678,-0.14507161,-1.0036472,48.991,-0.803752,0.14337617,0.26641664
48.992,-0.052672386,-0.07330693,-0.9664953,49.001,-0.8306301,0.11283291,0.22976474
49.002,-0.20736408,-0.06695086,-0.858901,49.011,-0.84773433,0.07679186,0.19433457
49.013,-0.31962872,-0.06635083,-0.7131889,49.021,-0.85139954,0.04441601,0.15707178
49.022,-0.41555977,-0.22244857,-0.41448736,49.031,-0.85139954,0.014483608,0.12347418
49.032,-0.56331825,-0.29017654,-0.2804221,49.041,-0.8575082,-0.016059652,0.093541786
49.042,-0.6085129,-0.35858637,-0.14217687,49.051,-0.8611734,-0.0380508,0.066052854
49.052,-0.6144676,-0.46383247,-0.05535221,49.061,-0.8733907,-0.057598487,0.031233534
49.062,-0.55131245,-0.6186068,-0.028236628,49.071,-0.8935492,-0.066150606,0.006188059
49.072,-0.47752857,-0.75330436,-0.019584179,49.081,-0.90515566,-0.07103752,-0.01824655
49.082,-0.39305973,-0.80597913,-0.044089794,49.091,-0.9130969,-0.078367904,-0.043902893
49.092,-0.30039883,-0.7719284,-0.09538102,49.101,-0.91920555,-0.09241781,-0.07383528
49.102,-0.21529388,-0.75215757,-0.12842274,49.112,-0.91737294,-0.10524598,-0.10743287
49.113,-0.14488411,-0.7091472,-0.13880122,49.121,-0.90515566,-0.12173934,-0.13736527
49.122,-0.09526825,-0.67741877,-0.117621064,49.131,-0.88682973,-0.12906972,-0.16729766
49.132,-0.07100868,-0.666777,-0.07675123,49.141,-0.8599516,-0.13517837,-0.1966192
49.142,-0.043356895,-0.66774666,-0.09054923,49.151,-0.83185184,-0.14128703,-0.22166467
49.152,-0.012324333,-0.695434,-0.19597411,49.161,-0.8098607,-0.14800654,-0.23815805
49.162,0.016124725,-0.7308506,-0.29591012,49.171,-0.7884804,-0.16511077,-0.24854276
49.172,0.056134224,-0.7913158,-0.38547635,49.181,-0.7671001,-0.17427376,-0.25342965
49.182,0.11870766,-0.84019995,-0.463202,49.191,-0.7487742,-0.18526933,-0.25037533
49.192,0.19542313,-0.78953445,-0.54308367,49.201,-0.74327636,-0.21214738,-0.24426669
49.202,0.24649334,-0.7574487,-0.61151314,49.215,-0.75732625,-0.23047334,-0.2351037
49.215,0.30209827,-0.71713376,-0.52714455,49.221,-0.7732088,-0.24696672,-0.21799949
49.222,0.34434128,-0.74342895,-0.3606707,49.231,-0.79275644,-0.24269065,-0.19906266
49.232,0.42281914,-0.7307936,-0.18300796,49.241,-0.81596935,-0.22558644,-0.18012583
49.242,0.45397568,-0.6674404,-0.008736849,49.251,-0.8452909,-0.1962649,-0.16057815
49.252,0.44995308,-0.58931464,0.16224778,49.261,-0.8794993,-0.15778038,-0.13919787
49.262,0.42282867,-0.45921007,0.29574585,49.271,-0.9118752,-0.11196549,-0.12392624
49.272,0.39665985,-0.33766252,0.42429376,49.281,-0.9436402,-0.06553974,-0.111098066
49.282,0.3378477,-0.21043256,0.5266522,49.291,-0.97723776,-0.017281383,-0.10315682
49.292,0.31825542,-0.14263621,0.5916153,49.301,-1.0090028,0.021813996,-0.10498941
49.302,0.30291653,-0.09295094,0.6252326,49.311,-1.0511525,0.049913794,-0.11476326
49.312,0.16708183,0.09951076,0.5521102,49.321,-1.107963,0.06579629,-0.13064575
49.322,0.09845829,0.20227525,0.5399319,49.331,-1.170882,0.079846196,-0.15324776
49.332,3.1471252E-5,0.34650168,0.5792507,49.341,-1.2710639,0.10733513,-0.21250169
49.342,-0.06473446,0.4084712,0.43806624,49.351,-1.3352048,0.10977859,-0.26381436
49.352,-0.10818577,0.4267434,0.30776012,49.361,-1.3914044,0.11100032,-0.32612264
49.362,-0.11843109,0.38593173,0.21363926,49.371,-1.4445497,0.1061134,-0.3884309
49.372,-0.040470123,0.34951252,0.18013,49.381,-1.4854777,0.10428081,-0.45562607
49.382,0.018030167,0.30730245,0.20315528,49.391,-1.5172427,0.10428081,-0.52526474
49.392,0.011674881,0.2243281,0.24163818,49.401,-1.538012,0.1061134,-0.5912382
49.402,-0.035478592,0.09610009,0.24377692,49.411,-1.5538945,0.10000474,-0.6456052
49.412,-0.08033085,-0.12295595,0.3274231,49.421,-1.5563381,0.10855686,-0.7073026
49.422,0.005519867,-0.16046908,0.3760873,49.431,-1.5367904,0.113443784,-0.77694124
49.432,-0.030497551,-0.43918377,0.36948752,49.441,-1.5038036,0.12199589,-0.82886475
49.442,-0.18693924,-0.7535349,0.28794277,49.451,-1.4763147,0.11222205,-0.86734927
49.452,-0.23777485,-1.0403432,0.13089287,49.461,-1.4494365,0.08412225,-0.8966708
49.462,-0.21676922,-1.2967899,0.101178646,49.471,-1.4188933,0.058465905,-0.91682935
49.472,-0.1861229,-1.572505,0.07889879,49.481,-1.3767437,0.024868317,-0.9296575
49.482,-0.122083664,-1.827607,0.020712018,49.491,-1.316268,-0.030109555,-0.93515533
49.492,-0.02154255,-2.0097709,-0.04709494,49.501,-1.27534,-0.05637676,-0.9314901
49.502,0.09436989,-2.133046,-0.03496492,49.511,-1.2380772,-0.07409185,-0.91866195
49.512,0.1862135,-2.242046,0.0060532093,49.523,-1.1971493,-0.078367904,-0.8966708
49.523,0.26010513,-2.2409189,6.3180923E-4,49.531,-1.1629407,-0.07592445,-0.8716253
49.532,0.3878889,-2.1381624,-0.08848429,49.541,-1.1281215,-0.06309628,-0.8380277
49.542,0.5170021,-2.0020242,-0.14237845,49.551,-1.103076,-0.042937722,-0.80809534
49.552,0.6403284,-1.7940401,-0.25838387,49.561,-1.0926913,-0.022168305,-0.77327603
49.562,0.7374277,-1.5000763,-0.45523024,49.571,-1.0902479,-0.0075075403,-0.7341806
49.572,0.80095387,-1.1313267,-0.6362363,49.581,-1.0920805,-0.0032314807,-0.6914201
49.582,0.8451681,-0.736936,-0.8304507,49.591,-1.0957456,-0.013005327,-0.64743775
49.592,0.9657488,0.115130365,-1.065619,49.601,-1.1036868,-0.02155744,-0.5961251
49.602,1.0251999,0.44741705,-0.9861481,49.611,-1.1091846,-0.017892249,-0.54236895
49.612,1.098073,0.77349603,-0.80955404,49.625,-1.1104064,0.009596691,-0.49655405
49.626,1.0747137,0.98140436,-0.57455814,49.631,-1.0920805,0.104891665,-0.46662164
49.632,0.90483856,1.1051997,-0.37749827,49.641,-1.080474,0.17941722,-0.47639546
49.642,0.57495785,1.1221386,-0.36906362,49.651,-1.0694784,0.23256251,-0.50938225
49.652,0.15771198,1.0892607,-0.5799264,49.661,-1.0841392,0.23561683,-0.5490885
49.662,-0.23642921,1.0406976,-0.97255975,49.671,-1.1220129,0.17880636,-0.5997903
49.672,-0.6661167,0.8915158,-1.2530355,49.681,-1.175769,0.07679186,-0.64743775
49.682,-0.9526186,0.7784671,-1.5282115,49.691,-1.2441859,-0.054544162,-0.68286794
49.692,-1.0318336,0.61825526,-1.6302878,49.701,-1.3077159,-0.18771279,-0.7121895
49.702,-0.7048693,0.6005594,-1.507278,49.711,-1.3584176,-0.2842295,-0.75617176
49.712,-0.3859768,0.49917,-1.1989789,49.721,-1.3962914,-0.33798563,-0.7836607
49.722,-0.17956448,0.34935993,-0.88431615,49.731,-1.4274454,-0.3563116,-0.8025975
49.732,0.051587105,0.30065113,-0.50910926,49.741,-1.4378302,-0.34348342,-0.8178692
49.742,0.27336025,0.3332625,-0.058626413,49.751,-1.434165,-0.30194458,-0.8239778
49.752,0.39633083,0.42913842,0.41036642,49.761,-1.4176716,-0.18893452,-0.80626273
49.762,0.3530445,0.5326077,0.80328393,49.771,-1.3724675,-0.12479366,-0.7677782
49.772,0.15421867,0.5842459,0.92505836,49.781,-1.3370374,-0.06737233,-0.72013074
49.782,-0.03408146,0.6745559,1.0067168,49.791,-1.2942768,-0.019724842,-0.6663746
49.792,-0.20730114,0.7582731,1.0875579,49.802,-1.2588466,0.012040146,-0.6175054
49.802,-0.31645203,0.829502,1.022676,49.811,-1.2234164,0.01570534,-0.5698579
49.812,-0.39947224,0.8298634,0.9006163,49.821,-1.1812668,0.003488034,-0.5362603
49.822,-0.4155283,0.75412965,0.85415995,49.831,-1.1342301,-0.02277917,-0.50754964
49.832,-0.41171265,0.57636166,0.86120844,49.841,-1.0829175,-0.055765893,-0.48128238
49.842,-0.36655235,0.30818033,0.9701514,49.851,-1.0371026,-0.07409185,-0.46295646
49.852,-0.2643385,0.03371954,1.0624404,49.861,-0.9980072,-0.07409185,-0.45623693
49.862,-0.07342243,-0.10476017,1.1206127,49.871,-0.9766269,-0.051489837,-0.45623693
49.872,0.05692768,-0.13122404,1.0577024,49.881,-0.9631879,-0.015448786,-0.46356732
49.883,0.051651,0.14971328,1.0150403,49.891,-0.949138,0.018148802,-0.47211942
49.892,-0.087929726,0.2656442,0.99392915,49.901,-0.930812,0.04747033,-0.48006067
49.902,-0.25779057,0.3541261,0.8073528,49.911,-0.9045448,0.04930293,-0.48189327
49.912,-0.38558292,0.42415917,0.68944407,49.921,-0.88682973,0.03464216,-0.47761723
49.922,-0.4668951,0.48933268,0.51607156,49.932,-0.8709472,0.012651011,-0.47028682
49.933,-0.4936924,0.5731007,0.3888198,49.941,-0.858119,-0.008118406,-0.46601078
49.942,-0.51832294,0.7113799,0.3297299,49.951,-0.8397931,-0.025833495,-0.4568478
49.952,-0.5337229,0.86059415,0.2860515,49.961,-0.83001924,-0.0380508,-0.44890654
49.962,-0.5696001,0.9784652,0.20429623,49.971,-0.81902367,-0.058820218,-0.43730012
49.972,-0.5867548,1.0570712,0.04600537,49.981,-0.81535846,-0.076535314,-0.42386106
49.982,-0.57084465,1.0740238,-0.119642854,49.991,-0.8257432,-0.10035905,-0.40981117
49.992,-0.51122093,1.0319494,-0.19418871,50.001,-0.83857137,-0.11929588,-0.40003732
50.002,-0.42336273,0.89859676,-0.23080146,50.011,-0.85139954,-0.1364001,-0.38598743
50.012,-0.33743382,0.7135105,-0.2870493,50.021,-0.8636168,-0.15350434,-0.37499186
50.022,-0.233037,0.5099344,-0.38331425,50.031,-0.88255364,-0.16694337,-0.36643973
50.037,-0.082704544,0.23001897,-0.42437637,50.041,-0.8966035,-0.1785498,-0.3621637
50.042,0.07064438,-0.046676397,-0.4320873,50.051,-0.9112643,-0.182215,-0.3603311
50.052,0.13388443,-0.319162,-0.37036073,50.061,-0.9143186,-0.18160413,-0.35727677
50.062,0.16820717,-0.4777074,-0.2838297,50.071,-0.9112643,-0.18099326,-0.35666588
50.072,0.1677723,-0.58292365,-0.1449095,50.081,-0.90149045,-0.17916067,-0.34933552
50.082,0.14207077,-0.6692282,0.014129639,50.091,-0.8794993,-0.17549548,-0.34139428
50.092,0.06716633,-0.7617985,0.21006894,50.101,-0.84773433,-0.17427376,-0.32795522
50.102,0.003935814,-0.84933126,0.36776543,50.111,-0.8110824,-0.17732808,-0.3090184
50.112,-0.09930611,-0.94192743,0.48511338,50.121,-0.77504134,-0.18832365,-0.2845838
50.122,-0.20927143,-1.0281715,0.6666701,50.131,-0.7353351,-0.19382143,-0.256484
50.132,-0.2840376,-1.0522797,0.8337475,50.141,-0.69074196,-0.20176268,-0.22777334
50.142,-0.3690052,-0.9991082,1.0210755,50.151,-0.6473705,-0.19076711,-0.19784093
50.152,-0.43139553,-0.8664439,1.1548364,50.161,-0.6076643,-0.18526933,-0.170352
50.162,-0.4795227,-0.48920786,1.0947797,50.171,-0.5734558,-0.17732808,-0.14958258
50.172,-0.45694923,-0.32802546,1.0218265,50.181,-0.5441343,-0.18099326,-0.13736527
50.182,-0.39131927,-0.22809947,0.956455,50.191,-0.5032064,-0.1944323,-0.13431095
50.192,-0.2994852,-0.18928814,0.8989246,50.201,-0.4781609,-0.19748664,-0.13797614
50.202,-0.20989513,-0.17706966,0.8445418,50.211,-0.454948,-0.19259971,-0.13980873
50.212,-0.13561535,-0.1373055,0.8918805,50.221,-0.43295684,-0.18771279,-0.14469565
50.222,-0.09214115,-0.08696532,0.90918875,50.231,-0.41157657,-0.17916067,-0.14103046
50.232,-0.07481003,-0.039617896,0.883091,50.241,-0.39386147,-0.17305201,-0.138587
50.242,-0.051356316,-5.1021576E-5,0.8353982,50.251,-0.3810333,-0.17060855,-0.13370007
50.252,-0.006374359,0.042794585,0.8036649,50.261,-0.3706486,-0.16327818,-0.12575883
50.262,0.03742504,0.08454621,0.78374195,50.271,-0.35720956,-0.14373049,-0.12209363
50.272,0.062376976,0.087723374,0.7351339,50.281,-0.34254882,-0.12051761,-0.11415239
50.282,0.062416077,0.117269754,0.61360836,50.291,-0.337051,-0.10463511,-0.10376768
50.292,0.03614998,0.1748445,0.53097034,50.301,-0.33094236,-0.0979156,-0.08910692
50.302,-0.005932808,0.20696843,0.4402659,50.311,-0.32239026,-0.095472135,-0.07933307
50.312,-0.05303383,0.24667716,0.36700273,50.321,-0.32300112,-0.099748194,-0.072002694
50.322,-0.101652145,0.29990315,0.29486966,50.331,-0.32483372,-0.112576365,-0.06772664
50.332,-0.17099571,0.33887243,0.29258943,50.342,-0.33216408,-0.127848,-0.06772664
50.343,-0.2334671,0.380049,0.2715788,50.351,-0.34377053,-0.127848,-0.06955923
50.352,-0.26837444,0.41617894,0.22196102,50.361,-0.35293353,-0.13212405,-0.06955923
50.362,-0.3021717,0.40314746,0.18599129,50.371,-0.36576167,-0.1400653,-0.06894836
50.372,-0.31821346,0.34957647,0.14122224,50.381,-0.37920073,-0.14250876,-0.06772664
50.382,-0.33197498,0.30588746,0.11942959,50.391,-0.38775283,-0.14861742,-0.06589404
50.392,-0.3447504,0.26491737,0.09110546,50.401,-0.39630494,-0.14678481,-0.054898467
50.402,-0.372118,0.17852926,0.12964058,50.411,-0.40485707,-0.14739567,-0.039015967
50.412,-0.42379284,0.13098693,0.17891455,50.421,-0.40668964,-0.14189789,-0.017635684
50.422,-0.45661736,0.10825837,0.2527163,50.431,-0.4060788,-0.13823271,0.006798925
50.432,-0.5233431,0.09140015,0.30690432,50.441,-0.39508322,-0.13578925,0.035509594
50.442,-0.5162573,0.16300082,0.39909816,50.451,-0.37858984,-0.13823271,0.06360939
50.452,-0.44868088,0.24168491,0.39595115,50.461,-0.36270735,-0.14189789,0.086211406
50.462,-0.3515091,0.31445837,0.393198,50.471,-0.34865746,-0.13945442,0.11003515
50.472,-0.22959423,0.31860006,0.42398763,50.481,-0.33216408,-0.12540454,0.14057842
50.482,-0.1593628,0.28555572,0.4632132,50.491,-0.32361197,-0.10585684,0.16440216
50.492,-0.11187649,0.27001023,0.4540478,50.501,-0.32788804,-0.0802005,0.18822591
50.502,-0.1325264,0.30342054,0.41373396,50.511,-0.33827275,-0.055155028,0.20655186
50.512,-0.18881893,0.36365283,0.4665811,50.521,-0.34132707,-0.029498689,0.22121263
50.522,-0.24710941,0.4429145,0.47735858,50.531,-0.34254882,-0.002620615,0.22976474
50.532,-0.34311962,0.54023945,0.410187,50.541,-0.34193793,0.008985825,0.23465167
50.542,-0.4436407,0.5933236,0.29892135,50.551,-0.34193793,-0.004453212,0.23709513
50.552,-0.4964838,0.6186379,0.1831832,50.561,-0.34315968,-0.032553013,0.24137118
50.562,-0.50196934,0.6366383,0.15651679,50.571,-0.33827275,-0.066761464,0.24137118
50.572,-0.4242363,0.59300613,0.22069955,50.581,-0.3284989,-0.08875261,0.24747984
50.582,-0.38645458,0.5076884,0.35050106,50.591,-0.314449,-0.089974344,0.25419936
50.592,-0.331954,0.45504713,0.44695878,50.601,-0.3107838,-0.07897877,0.269471
50.602,-0.34204006,0.41459513,0.45252395,50.611,-0.30711862,-0.061874546,0.2975708
50.612,-0.40001774,0.40667462,0.4659686,50.621,-0.3022317,-0.040494263,0.31589675
50.622,-0.44694805,0.45413423,0.4390695,50.631,-0.2949013,-0.039272532,0.33177924
50.632,-0.4747734,0.5361055,0.40851307,50.641,-0.28573835,-0.04843551,0.34521827
50.642,-0.5231428,0.5576788,0.43149042,50.651,-0.27291018,-0.060652815,0.35499212
50.652,-0.49863434,0.5984926,0.48429203,50.661,-0.25886026,-0.06859406,0.36537683
50.662,-0.42752838,0.62764764,0.53775907,50.671,-0.24236691,-0.06737233,0.3745398
50.672,-0.32757282,0.6666789,0.6185148,50.681,-0.22892787,-0.055155028,0.38736796
50.682,-0.19507694,0.6648364,0.6334336,50.691,-0.2160997,-0.041715994,0.39469835
50.692,-0.054911613,0.6059656,0.6387882,50.701,-0.19960633,-0.024611767,0.4044722
50.702,0.10698128,0.50561714,0.689502,50.711,-0.1861673,0.009596691,0.4130243
50.712,0.23358822,0.49604452,0.69901156,50.721,-0.17578259,0.055411585,0.41913298
50.722,0.340724,0.6126716,0.5348973,50.731,-0.17578259,0.1024482,0.42096555
50.732,0.30636597,0.7150639,0.3778541,50.741,-0.17456086,0.14398703,0.42157644
50.742,0.2381525,0.7899245,0.20456004,50.753,-0.16723047,0.16414559,0.41913298
50.754,0.18117237,0.80876946,0.06762862,50.761,-0.13729808,0.14276531,0.4044722
50.762,0.18251514,0.7397603,0.031907797,50.771,-0.103089616,0.09267437,0.38309193
50.772,0.28469086,0.62509894,0.05112624,50.781,-0.05299867,0.010207556,0.35560298
50.782,0.50375366,0.44896734,0.11510277,50.791,0.0025900672,-0.08325483,0.31100982
50.792,0.87549114,0.19952273,0.24748182,50.801,0.056346208,-0.16633251,0.25603193
50.802,1.2925148,-0.095136106,0.49009585,50.811,0.099106774,-0.18343672,0.1937237
50.812,1.6426306,-0.4175079,0.75389886,50.821,0.12476312,-0.1260154,0.13691323
50.822,1.8160801,-0.67264175,0.8197994,50.831,0.12354139,-0.0075075403,0.09109832
50.832,1.7649803,-0.7672523,0.6614671,50.841,0.099106774,0.15253916,0.062387664
50.842,1.4972334,-0.7474096,0.3191402,50.851,0.052070152,0.31380758,0.04467257
50.852,1.1240921,-0.6680403,-0.16760993,50.861,0.005033528,0.4335372,0.034287862
50.862,0.6674957,-0.55352455,-0.5999726,50.871,-0.029174926,0.50073236,0.034287862
50.872,0.21711445,-0.49282706,-0.8991724,50.881,-0.052387804,0.5190583,0.03856392
50.882,-0.22351551,-0.49531177,-1.0490537,50.891,-0.06765944,0.49645633,0.04345084
50.892,-0.61101913,-0.5395365,-1.039899,50.901,-0.058496457,0.42009813,0.06788545
50.902,-0.96594906,-0.5824505,-0.91592765,50.911,-0.036505308,0.34190738,0.09293093
50.912,-1.264329,-0.6973197,-0.7685065,50.921,-0.036505308,0.24722329,0.12958284
50.922,-1.4407568,-0.78441423,-0.6207224,50.931,0.023359485,0.15315002,0.17539774
50.932,-1.4186354,-0.78939503,-0.5298333,50.941,0.041685443,0.056022443,0.21571484
50.942,-1.1967669,-0.78488326,-0.46367502,50.951,0.047794096,-0.031331282,0.24320377
50.952,-0.7808008,-0.7798979,-0.36099124,50.961,0.03557679,-0.10341338,0.2584754
50.962,-0.25031853,-0.7699205,-0.2151556,50.971,0.009309584,-0.13334578,0.26152974
50.972,0.25443172,-0.7298181,-0.023962498,50.981,-0.03406185,-0.12845886,0.2584754
50.982,0.63761044,-0.73267734,0.15359473,50.991,-0.08354193,-0.09363954,0.2621406
50.992,0.8553724,-0.74917895,0.28884554,51.001,-0.14279586,-0.038661666,0.26702753
51.002,0.9681034,-0.7255398,0.37974095,51.011,-0.19288681,0.029755242,0.27313617
51.012,0.8180666,-0.83518445,0.4191811,51.021,-0.23747998,0.09695042,0.2816883
51.022,0.6398344,-0.8935696,0.36198664,51.031,-0.2655798,0.15742609,0.28779694
51.032,0.42845917,-0.97782815,0.2545879,51.041,-0.29612306,0.21545827,0.28474262
51.042,0.22701931,-1.0634198,0.1392572,51.051,-0.31383812,0.2221778,0.27374703
51.052,0.010363579,-1.1321157,0.016252518,51.063,-0.3284989,0.20079753,0.2621406
51.063,-0.2018795,-1.1733794,-0.036229372,51.071,-0.346214,0.16414559,0.24625811
51.072,-0.4016428,-1.1882757,-0.084110975,51.081,-0.36270735,0.115276374,0.23159733
51.082,-0.49708557,-1.1195663,-0.10822129,51.091,-0.38347676,0.06640715,0.21571484
51.092,-0.5493307,-1.0082797,-0.16922188,51.101,-0.409744,0.02120313,0.19799975
51.102,-0.5378704,-0.87867963,-0.16257644,51.111,-0.43173513,-0.017892249,0.17539774
51.112,-0.5678787,-0.82045716,-0.105614424,51.121,-0.44395244,-0.054544162,0.1497414
51.122,-0.525547,-0.7839247,-0.007047653,51.131,-0.45067194,-0.08569829,0.12530679
51.132,-0.52566814,-0.78694063,0.063106775,51.141,-0.45433715,-0.11563069,0.1057591
51.142,-0.5335102,-0.76679516,0.12504983,51.151,-0.45616972,-0.14311963,0.08865487
51.152,-0.5478344,-0.70791477,0.110347986,51.165,-0.46594357,-0.16694337,0.07827016
51.166,-0.53995895,-0.60686,0.063394785,51.171,-0.48182607,-0.19565403,0.06666372
51.172,-0.515769,-0.45653293,0.0329628,51.181,-0.5038172,-0.23963633,0.0477269
51.182,-0.48904228,-0.3033999,0.050113916,51.191,-0.54841036,-0.26956874,0.033676997
51.192,-0.3528242,-0.101421714,0.11927152,51.201,-0.5905601,-0.28545123,0.018405365
51.202,-0.18100166,0.15025735,0.16016936,51.211,-0.63759667,-0.2860621,0.002522869
51.212,0.033947945,0.36922845,0.19541383,51.221,-0.68952024,-0.26407093,-0.021300875
51.222,0.19679165,0.5670305,0.24074936,51.231,-0.7408329,-0.23902547,-0.05001154
51.232,0.3435192,0.7301453,0.23832107,51.241,-0.78603697,-0.19504318,-0.08910692
51.242,0.498497,0.80118924,0.2473228,51.251,-0.83001924,-0.15533693,-0.13736527
51.252,0.5083809,0.8653262,0.150774,51.261,-0.87216896,-0.122961074,-0.18562362
51.262,0.47470284,0.899785,0.09673834,51.271,-0.9100426,-0.09363954,-0.23937976
51.272,0.3890152,0.970897,0.06390071,51.281,-0.9521923,-0.07103752,-0.28397292
51.282,0.19973087,0.9468825,0.10781622,51.291,-0.9973963,-0.066761464,-0.3194031
51.292,-0.1043396,0.83375204,0.0626452,51.301,-1.0468764,-0.07164839,-0.34689206
51.302,-0.18339634,0.7188829,0.08719325,51.311,-1.0914695,-0.08264396,-0.36827233
51.312,-0.21474075,0.60899925,0.10061145,51.321,-1.1464474,-0.099748194,-0.3884309
51.322,-0.2475872,0.47240096,0.09151459,51.331,-1.1733255,-0.1137981,-0.396983
51.332,-0.2854557,0.29311448,0.08713198,51.341,-1.1965383,-0.13456751,-0.40248078
51.342,-0.31297493,0.11681934,0.09545183,51.351,-1.216697,-0.15961298,-0.40797856
51.352,-0.33857918,-0.10180165,0.13347507,51.361,-1.2307469,-0.18893452,-0.40981117
51.362,-0.34918118,-0.2837065,0.22552848,51.371,-1.2405207,-0.21703431,-0.4110329
51.372,-0.31600475,-0.40166774,0.3056214,51.381,-1.252738,-0.2329168,-0.41164377
51.382,-0.28542137,-0.46647573,0.37242222,51.391,-1.2612901,-0.23963633,-0.41530895
51.392,-0.22487164,-0.5132257,0.45246506,51.401,-1.2716748,-0.23719287,-0.4214176
51.402,-0.18319893,-0.5455838,0.5422628,51.411,-1.2741183,-0.23719287,-0.4269154
51.412,-0.15925598,-0.55649406,0.6205075,51.421,-1.2735074,-0.23047334,-0.42874798
51.422,-0.17078781,-0.5478294,0.70649743,51.431,-1.2686205,-0.22925162,-0.4250828
51.432,-0.16891575,-0.5110701,0.7316904,51.441,-1.266177,-0.23169509,-0.41958502
51.442,-0.17289257,-0.47358656,0.7311907,51.451,-1.2582358,-0.23719287,-0.41042203
51.452,-0.19353962,-0.4303884,0.7758231,51.461,-1.2472402,-0.2439124,-0.3951504
51.462,-0.15669632,-0.39424643,0.8226795,51.472,-1.2295251,-0.23841462,-0.37132666
51.473,-0.11844349,-0.41362745,0.81936765,51.481,-1.2203622,-0.23597115,-0.35666588
51.482,-0.05015087,-0.4485178,0.79630685,51.491,-1.2130318,-0.23047334,-0.3407834
51.492,0.02791214,-0.54997927,0.8224797,51.501,-1.2038687,-0.22558644,-0.32612264
51.502,0.1049633,-0.6461924,0.9146488,51.511,-1.1934841,-0.20298442,-0.3145162
51.512,0.17539597,-0.7122109,1.0063725,51.521,-1.1806558,-0.1718303,-0.3077967
51.522,0.23342323,-0.8034036,1.106258,51.531,-1.1586647,-0.13578925,-0.30352062
51.532,0.24207878,-0.86017454,1.2399673,51.541,-1.1342301,-0.096083,-0.30413148
51.542,0.20265675,-0.90328467,1.3077297,51.551,-1.1128498,-0.06859406,-0.3077967
51.552,0.10415459,-0.9293438,1.3286955,51.561,-1.0975782,-0.047213778,-0.3145162
51.562,0.01583767,-0.9242714,1.2773924,51.576,-1.0841392,-0.042937722,-0.32367918
51.577,-0.20746803,-0.94927466,1.2475905,51.581,-1.0658132,-0.044159453,-0.32734436
51.582,-0.348032,-0.91544664,1.2028601,51.591,-1.048709,-0.05271157,-0.33100954
51.592,-0.43116856,-0.8483517,1.1847603,51.601,-1.0328265,-0.066761464,-0.33467475
51.602,-0.5096388,-0.8232878,1.2044511,51.611,-0.99556375,-0.089363486,-0.342616
51.612,-0.55846024,-0.81728446,1.224436,51.621,-0.9589118,-0.10402425,-0.3456703
51.622,-0.589386,-0.81181896,1.305892,51.631,-0.91920555,-0.10891117,-0.34811378
51.632,-0.63212967,-0.7472044,1.3436971,51.641,-0.8831645,-0.10646771,-0.35177898
51.642,-0.6459017,-0.6611253,1.3291631,51.651,-0.8550647,-0.102802515,-0.34994638
51.652,-0.6535282,-0.5841404,1.2410581,51.661,-0.83551705,-0.11318722,-0.3511681
51.662,-0.57882214,-0.51668155,1.1447778,51.671,-0.81047153,-0.13701096,-0.3511681
51.677,-0.45681095,-0.48868793,1.1446369,51.681,-0.78237176,-0.16449991,-0.35055724
51.682,-0.23259354,-0.5132164,1.0964596,51.691,-0.7567154,-0.1895454,-0.34200513
51.692,0.04699993,-0.7852817,0.9456413,51.701,-0.71212226,-0.21642345,-0.30657494
51.702,0.42815495,-1.2002095,0.37083292,51.711,-0.6675291,-0.29400334,-0.22471899
51.712,0.7798977,-1.2005904,-0.5801252,51.721,-0.69623977,-0.4125112,-0.11781758
51.722,1.1530027,-0.91058743,-1.0050048,51.731,-0.7499959,-0.53651685,-0.026187796
51.732,1.7073593,-0.73809326,-0.4018805,51.741,-0.7328917,-0.6165402,0.030011805
51.742,2.4660234,-0.73548234,0.32952142,51.751,-0.6101078,-0.5230778,0.0599442
51.752,3.1370564,-0.7121152,0.73999476,51.761,-0.51175845,-0.3153836,0.045283437
51.762,3.563425,-0.5913578,1.1283618,51.771,-0.42379388,-0.056987625,-0.0060292445
51.772,3.6106396,-0.19254291,1.1224593,51.781,-0.3932506,0.17697376,-0.09888075
51.782,3.3175774,0.3338858,0.5792669,51.791,-0.43356773,0.3449617,-0.2228864
51.792,2.8578806,0.8261022,-0.24004567,51.801,-0.51725626,0.44941968,-0.36582887
51.802,2.2196503,1.1227545,-0.88750136,51.811,-0.6333206,0.4891259,-0.5142692
51.812,1.546545,1.2501385,-1.4679438,51.821,-0.74510896,0.48423898,-0.6394965
51.822,0.8781233,1.1635796,-1.7901083,51.831,-0.8391822,0.43598062,-0.75495005
51.832,0.16794491,1.0766495,-1.931967,51.841,-0.90576655,0.34618345,-0.8398603
51.842,-0.40174866,0.9207512,-2.119322,51.851,-0.95769006,0.2203452,-0.877734
51.852,-0.8499327,0.6798606,-2.3530655,51.861,-1.0004507,0.08900917,-0.8716253
51.862,-1.1685905,0.2909544,-2.2177765,51.871,-1.0187767,-0.0075075403,-0.83130825
51.872,-1.1384077,0.21048737,-1.8538685,51.883,-1.0254961,-0.051489837,-0.7696108
51.883,-1.0884132,0.1739052,-1.3726656,51.891,-0.99250937,-0.031942148,-0.6578225
51.892,-1.0376759,0.17289925,-0.96587574,51.901,-0.94180757,0.0028771684,-0.57963175
51.902,-0.9942007,0.1784687,-0.80353415,51.911,-0.88682973,0.030366108,-0.5008301
51.912,-0.91409874,0.2036401,-0.7883874,51.921,-0.8452909,0.041972548,-0.43119144
51.922,-0.7439585,0.15213764,-0.7521237,51.931,-0.79825425,0.04013995,-0.3811005
51.932,-0.50436306,0.10826689,-0.6644757,51.941,-0.7554937,0.026090048,-0.34872463
51.942,-0.20744991,0.123060286,-0.54575,51.951,-0.71090055,0.0077640936,-0.34200513
51.952,0.10734558,0.13058317,-0.44085336,51.961,-0.67241603,0.0065423623,-0.34750292
51.962,0.40336227,0.19176042,-0.3489194,51.971,-0.6473705,0.017537937,-0.36766148
51.972,0.69636154,0.2678687,-0.32686186,51.985,-0.6308772,0.038307354,-0.40675685
51.986,0.9173384,0.2965958,-0.36479378,51.991,-0.6247685,0.067018025,-0.44646308
51.992,1.0029535,0.24848223,-0.42850065,52.001,-0.6284337,0.101837344,-0.47944978
52.002,0.9508076,0.16658813,-0.5410148,52.011,-0.63270974,0.13726753,-0.5099931
52.012,0.79929066,0.17068315,-0.52539456,52.021,-0.63454235,0.17697376,-0.52526474
52.022,0.58310986,0.1964314,-0.4718926,52.031,-0.59911215,0.23622769,-0.52831906
52.032,0.26912594,0.22248065,-0.45991874,52.041,-0.56673634,0.26860356,-0.5136583
52.042,-0.0680542,0.2543372,-0.4950602,52.051,-0.53069526,0.28692952,-0.4849476
52.052,-0.4226923,0.26015103,-0.58003104,52.061,-0.49954116,0.28021,-0.44768482
52.062,-0.8125458,0.19384265,-0.68401325,52.071,-0.46472186,0.24600154,-0.40125906
52.072,-1.1842747,0.062806964,-0.7189287,52.081,-0.4250156,0.18124983,-0.34628117
52.082,-1.4717598,-0.08638215,-0.69494736,52.091,-0.3816442,0.10061561,-0.28702724
52.092,-1.6299181,-0.18048692,-0.6563071,52.101,-0.34315968,0.034031294,-0.23937976
52.102,-1.6965814,-0.1725713,-0.4909364,52.111,-0.3022317,-0.024000902,-0.19234315
52.112,-1.6858602,-0.17442274,-0.39846325,52.121,-0.2637472,-0.07897877,-0.1526369
52.122,-1.5809369,-0.18760085,-0.36819196,52.131,-0.23381479,-0.12540454,-0.11781758
52.132,-1.423522,-0.18746448,-0.42337263,52.141,-0.20693672,-0.16694337,-0.08971779
52.142,-1.0374861,-0.1039027,-0.4781202,52.151,-0.18799989,-0.19748664,-0.06161798
52.152,-0.79847145,-0.015823364,-0.45804465,52.161,-0.1721174,-0.22925162,-0.03718337
52.162,-0.5663662,0.12549818,-0.37745392,52.171,-0.15745664,-0.25124276,-0.00664011
52.172,-0.3242302,0.24402308,-0.22658229,52.181,-0.14462847,-0.24574497,0.008631522
52.182,-0.18978024,0.33115447,-0.14924073,52.191,-0.13485461,-0.23658201,0.025735747
52.192,-0.040842056,0.45526457,-0.10393572,52.201,-0.13241115,-0.22314298,0.04222911
52.202,0.02927208,0.5649432,0.022712708,52.211,-0.12019385,-0.20237356,0.057500742
52.212,0.054333687,0.6620884,0.17838597,52.221,-0.106143944,-0.16694337,0.07277237
52.222,0.05980301,0.70350695,0.29939032,52.231,-0.07804415,-0.12845886,0.089265734
52.232,0.026564598,0.6639471,0.38074827,52.241,-0.048722614,-0.096693866,0.10759169
52.242,-0.024022102,0.57128453,0.45419145,52.251,-0.014514159,-0.06737233,0.12713937
52.252,-0.108802795,0.45677435,0.45894885,52.261,0.012974776,-0.050268106,0.15462832
52.262,-0.2198286,0.32885528,0.42738295,52.271,0.03435506,-0.04232686,0.18089552
52.272,-0.3560896,0.18403709,0.40819097,52.281,0.055124477,-0.0380508,0.21082792
52.282,-0.47703934,0.109043956,0.36350727,52.293,0.077115625,-0.041715994,0.24564724
52.293,-0.5732622,0.16138458,0.28214645,52.301,0.100328505,-0.050268106,0.27680135
52.302,-0.6400213,0.2555759,0.18383741,52.311,0.12109793,-0.07409185,0.31162068
52.312,-0.7027912,0.31651688,0.11432791,52.321,0.15408464,-0.0979156,0.32933578
52.322,-0.7410078,0.3375293,0.07375789,52.331,0.18096271,-0.13273491,0.3446074
52.332,-0.77040005,0.35917878,0.089360714,52.341,0.20539732,-0.16572164,0.36171165
52.342,-0.74538326,0.41511047,0.18468308,52.351,0.23166452,-0.1999301,0.37698326
52.352,-0.6443167,0.54791236,0.2949748,52.361,0.25548828,-0.22008863,0.3922549
52.362,-0.47046757,0.6653887,0.39366388,52.371,0.2762577,-0.22314298,0.40386134
52.372,-0.28804398,0.724047,0.51122403,52.381,0.3043575,-0.21520174,0.4148569
52.382,-0.16988182,0.75854695,0.5796913,52.395,0.32757038,-0.19504318,0.42524162
52.396,-0.049910545,0.77733994,0.6062701,52.401,0.35567018,-0.16511077,0.43318287
52.402,0.044493675,0.8269208,0.6595974,52.411,0.38010478,-0.13395664,0.43379372
52.412,0.09306717,0.85263157,0.66170573,52.421,0.40698284,-0.108300306,0.43318287
52.422,0.13630009,0.8582307,0.60271096,52.431,0.43386093,-0.09180694,0.43196115
52.432,0.09263611,0.87946874,0.6282364,52.441,0.46012813,-0.08875261,0.42707422
52.442,0.051675797,0.89672047,0.6962528,52.451,0.4870062,-0.08692002,0.42096555
52.452,0.01580429,0.9458529,0.7851982,52.461,0.5315994,-0.066761464,0.41730037
52.462,-0.014605522,1.0515351,0.81433487,52.471,0.55481225,-0.0539333,0.41668952
52.472,-0.076818466,1.1674869,0.8057482,52.481,0.57374907,-0.039272532,0.41730037
52.482,-0.11936855,1.2902651,0.7617899,52.491,0.59085333,-0.01911398,0.41730037
52.492,-0.17681026,1.3951678,0.7118361,52.501,0.601238,-1.7715245E-4,0.41607866
52.502,-0.23488426,1.497951,0.6096276,52.511,0.6122336,0.024257451,0.41607866
52.512,-0.27682114,1.5495527,0.45031106,52.521,0.6226183,0.036474757,0.4203547
52.522,-0.27793598,1.5210006,0.19869602,52.531,0.6525507,0.029755242,0.432572
52.532,-0.20901966,1.2744815,-0.071831346,52.541,0.7038634,-0.016670518,0.4502871
52.542,-0.0339756,0.91080874,-0.34601235,52.551,0.75395435,-0.0979156,0.46678045
52.552,0.26077747,0.54393095,-0.60360706,52.561,0.76922596,-0.19137797,0.47960863
52.562,0.7123337,0.27154213,-0.55117726,52.571,0.7844976,-0.24696672,0.48999333
52.572,1.3863049,0.15287834,-0.50301504,52.581,0.76922596,-0.25857314,0.48632815
52.582,1.9748716,0.08964652,-0.6168448,52.592,0.7197459,-0.21642345,0.45395228
52.595,2.5403814,0.36282003,-0.8573855,52.601,0.61101186,-0.21397999,0.39775267
52.602,3.011384,0.51448554,-1.4030448,52.611,0.5499253,-0.25674057,0.31223154
52.612,3.303442,0.3923865,-1.576368,52.621,0.49128225,-0.28484035,0.22671042
52.622,3.226574,0.15173995,-1.272901,52.631,0.41553497,-0.26346007,0.16623476
52.632,2.8835392,0.18993747,-0.93474233,52.641,0.31229874,-0.1785498,0.15096313
52.642,2.3947954,0.3472957,-0.9401521,52.651,0.22555588,-0.04477032,0.17539774
52.652,1.8111506,0.30397272,-0.90473354,52.661,0.19073656,0.0883983,0.22976474
52.663,1.1396503,0.18412614,-0.74119663,52.671,0.20173213,0.20018664,0.30306858
52.672,0.34045124,-0.0014281273,-0.5567174,52.681,0.23471886,0.3009794,0.3922549
52.682,-0.41294956,-0.20350526,-0.33270395,52.691,0.2921402,0.36389855,0.48632815
52.692,-1.07792,-0.45420203,-0.20693767,52.703,0.3605571,0.3895549,0.5846774
52.703,-1.6621838,-0.82282037,-0.265221,52.711,0.43325007,0.37917018,0.6756963
52.712,-2.0836267,-1.4823658,-0.50762045,52.721,0.49800178,0.3241923,0.7435024
52.722,-1.9730916,-1.7686378,-0.6008049,52.731,0.5511471,0.2557754,0.78992814
52.732,-1.7354355,-1.9948334,-0.7954911,52.741,0.57558167,0.13604578,0.8021454
52.742,-1.4684601,-2.2114317,-0.8507764,52.751,0.55725574,0.06335283,0.7789326
52.752,-1.2334499,-2.3511481,-0.7857108,52.761,0.5138843,0.009596691,0.73922634
52.762,-1.0742464,-2.3311024,-0.74607563,52.771,0.4344718,-0.038661666,0.68241584
52.772,-0.8781872,-2.1414323,-0.7994752,52.781,0.33856595,-0.10341338,0.6078903
52.782,-0.6659422,-1.8181272,-0.7973714,52.791,0.25365567,-0.19015625,0.5199257
52.792,-0.46428394,-1.4309021,-0.7024118,52.802,0.19501261,-0.29278162,0.42890683
52.803,-0.303483,-1.0208381,-0.59163547,52.811,0.15347378,-0.39968303,0.35071605
52.812,-0.12615299,-0.7608566,-0.34405422,52.821,0.14064561,-0.48581502,0.28596434
52.822,0.09812355,-0.5919491,0.009728789,52.831,0.147976,-0.53957117,0.24686897
52.832,0.35312843,-0.47885585,0.44914782,52.841,0.17363232,-0.5469016,0.2218235
52.842,0.6492529,-0.3436529,0.84711766,52.851,0.19562347,-0.4894802,0.2199909
52.852,0.95630836,-0.24540639,1.2087598,52.861,0.21944723,-0.37219408,0.22426696
52.862,1.2020121,-0.18389416,1.496351,52.871,0.26098606,-0.21520174,0.22793216
52.872,1.3270063,-0.26911438,1.6349311,52.881,0.31046614,0.045637734,0.2358734
52.882,1.314641,-0.42504847,1.4702755,52.891,0.33428988,0.18919107,0.23648426
52.892,1.1200609,-0.6436599,1.1632788,52.901,0.3446746,0.28998384,0.23159733
52.902,0.7701969,-0.87457,0.7785814,52.911,0.3495615,0.3632877,0.21938004
52.912,0.34360886,-1.1254058,0.41050744,52.921,0.35261583,0.38527882,0.2077736
52.922,-0.096847534,-1.3941485,0.0899508,52.931,0.37216353,0.36206594,0.19250196
52.932,-0.52198505,-1.6233386,-0.10189569,52.941,0.39965248,0.2960925,0.1778412
52.942,-0.8881178,-1.8048773,-0.24264324,52.951,0.4430239,0.19957578,0.16134784
52.952,-1.1849661,-1.9573926,-0.2864759,52.961,0.49128225,0.08900917,0.1460762
52.962,-1.4330797,-2.027537,-0.26822376,52.971,0.54259497,-0.025833495,0.13813496
52.973,-1.6180506,-2.0049815,-0.20472527,52.981,0.5890207,-0.13151318,0.13141544
52.982,-1.6822476,-1.8677198,-0.12833524,52.991,0.633003,-0.22497556,0.12713937
52.992,-1.4281349,-1.4127197,0.013366938,53.001,0.6769853,-0.30072287,0.11858727
53.002,-1.1848173,-1.1187748,0.057112455,53.011,0.71852416,-0.3593659,0.10331564
53.012,-0.87324715,-0.8144452,0.12597024,53.021,0.7612847,-0.39846128,0.06666372
53.022,-0.59040546,-0.46816313,0.12962186,53.031,0.80465615,-0.42533937,0.0318444
53.032,-0.28114605,-0.18057209,0.13329613,53.041,0.82603645,-0.42228502,-0.0060292445
53.042,0.0035505295,0.05366087,0.16299987,53.051,0.8468059,-0.41006774,-0.05184414
53.052,0.26968765,0.28691012,0.13347268,53.061,0.85719055,-0.38929832,-0.09582643
53.062,0.4935789,0.46055147,0.11216855,53.071,0.8639101,-0.3611985,-0.14286305
53.072,0.6442442,0.5929508,0.121311665,53.081,0.85963404,-0.32760093,-0.19112141
53.082,0.74830914,0.68768376,0.23646712,53.091,0.8516928,-0.2872838,-0.23937976
53.092,0.8011255,0.7581721,0.38400757,53.101,0.8339777,-0.23658201,-0.2894707
53.102,0.7921219,0.81883556,0.5124999,53.115,0.8174843,-0.18588018,-0.3371182
53.115,0.73815155,0.86526793,0.58224225,53.121,0.7899954,-0.13517837,-0.37682444
53.122,0.6392431,0.9059241,0.63293314,53.131,0.7582304,-0.096693866,-0.41042203
53.132,0.49423027,0.9051863,0.7408916,53.141,0.7246328,-0.06126368,-0.43485665
53.142,0.33549213,0.8922549,0.87514794,53.151,0.69714385,-0.039272532,-0.4599021
53.152,0.14739895,0.8168346,1.1358359,53.161,0.6598811,-0.0075075403,-0.4653999
53.162,0.052384377,0.7348977,1.3373201,53.171,0.64277685,0.01570534,-0.45745865
53.172,-0.029730797,0.647589,1.5027059,53.181,0.6336139,0.040750816,-0.44585222
53.182,-0.09287262,0.54926896,1.6589756,53.191,0.6299487,0.06518542,-0.43730012
53.192,-0.0604105,0.47807774,1.7713363,53.201,0.62750524,0.10122647,-0.42935887
53.202,-0.011203766,0.3838632,1.7994208,53.211,0.62811613,0.14215446,-0.42386106
53.212,0.008153915,0.2701583,1.8816719,53.221,0.62506175,0.18124983,-0.42263934
53.222,0.082634926,0.15700905,1.9334804,53.231,0.619564,0.22156695,-0.41958502
53.232,0.11524582,0.008285873,1.9123212,53.241,0.62384003,0.26249492,-0.42447194
53.242,0.14915276,-0.15920193,1.9712242,53.251,0.6262835,0.3009794,-0.42935887
53.252,0.20817947,-0.33301422,1.8754413,53.261,0.6232292,0.33885306,-0.44035444
53.262,0.24556065,-0.54577696,1.7466011,53.271,0.6207857,0.36389855,-0.44646308
53.272,0.315732,-0.98553824,1.1430138,53.281,0.61528796,0.37917018,-0.4409653
53.282,0.35618496,-1.204551,0.6859299,53.291,0.5963511,0.3736724,-0.42569366
53.292,0.3888693,-1.4040266,0.3333149,53.301,0.5676404,0.34801605,-0.3865983
53.302,0.3933859,-1.6014547,0.20072663,53.311,0.533432,0.28998384,-0.34505945
53.312,0.44560337,-1.7760478,0.15691268,53.321,0.5352646,0.2588297,-0.29374677
53.322,0.604578,-1.8494931,0.1560359,53.331,0.5511471,0.24172547,-0.24915361
53.332,0.7891722,-1.7566695,0.114089966,53.341,0.57313824,0.23195165,-0.21311256
53.342,0.921752,-1.5786273,0.13800263,53.351,0.57985777,0.2380603,-0.19356488
53.352,1.0853128,-1.3786498,0.16152549,53.361,0.59024245,0.25516453,-0.18379103
53.362,1.2801933,-1.2674353,0.17375016,53.371,0.60979015,0.27959913,-0.17951497
53.372,1.504077,-1.1761345,0.09185362,53.381,0.6354465,0.31258586,-0.1752389
53.382,1.7092915,-1.0504254,-0.06461835,53.391,0.66110283,0.35168123,-0.1789041
53.392,1.8588781,-0.9521369,-0.25417686,53.401,0.6867592,0.38772228,-0.1966192
53.402,1.9551601,-0.89305305,-0.48701382,53.411,0.7001982,0.41215688,-0.22655159
53.412,1.863863,-1.020478,-0.6112639,53.423,0.72035676,0.44086754,-0.25404054
53.424,1.6041355,-1.2324653,-0.6210979,53.431,0.7496783,0.48423898,-0.26931217
53.432,1.1847687,-1.3533316,-0.7397679,53.441,0.7771672,0.5349408,-0.27603167
53.442,0.6930752,-1.3957952,-0.9133067,53.451,0.81198657,0.5489907,-0.2741991
53.452,0.09463024,-1.3415684,-1.1823657,53.461,0.82359296,0.52883214,-0.25953832
53.462,-0.63907814,-1.1928864,-1.5206927,53.471,0.8290908,0.47324342,-0.22899505
53.472,-1.3691254,-1.0750854,-1.8394637,53.481,0.8443624,0.39016575,-0.18195844
53.482,-1.9824433,-0.9102157,-2.0933642,53.491,0.8724622,0.26249492,-0.13980873
53.492,-2.3028083,-0.5485125,-2.29872,53.501,0.91216844,0.12321762,-0.11354153
53.502,-2.4042854,-0.10673997,-2.1620455,53.511,0.96470284,0.012651011,-0.07933307
53.512,-2.4004335,0.18807882,-1.8390083,53.521,1.0386175,-0.0979156,-0.029242124
53.527,-2.3025622,0.32461905,-1.4959966,53.531,1.1278039,-0.20787135,0.026346613
53.532,-2.0265326,0.45194566,-1.1329538,53.541,1.2182119,-0.31904882,0.070328906
53.542,-1.40102,0.66445786,-0.84932315,53.551,1.3104526,-0.4051808,0.08987659
53.552,-0.57939243,0.81002694,0.015598059,53.561,1.3971955,-0.4351132,0.10148303
53.562,1.137023,0.81443775,0.412009,53.571,1.4662232,-0.39174178,0.10698083
53.572,1.7955885,0.8049646,0.65106153,53.581,1.5028751,-0.26468182,0.105148226
53.582,2.2464695,0.8296587,0.699281,53.591,1.4937122,0.017537937,0.077659294
53.592,2.3455,0.9047008,0.44867778,53.601,1.4619472,0.19835407,0.041007377
53.602,2.0138865,0.7935341,0.039885998,53.611,1.4246844,0.3241923,0.0037445985
53.612,1.4898891,0.6277051,-0.44950378,53.621,1.3916976,0.38650054,-0.020079147
53.622,0.86677647,0.43305653,-0.8206167,53.631,1.3593218,0.40971342,-0.024966069
53.632,0.15873909,0.2620688,-0.9821371,53.641,1.344661,0.3999396,-0.01458136
53.642,-0.4453745,0.1453746,-0.97087514,53.651,1.3416067,0.37061805,0.017794501
53.652,-0.9691086,0.1227476,-0.94133496,53.661,1.3532132,0.33579874,0.057500742
53.662,-1.4497032,0.1430611,-0.8825457,53.671,1.3733717,0.28815123,0.10453737
53.672,-1.8754344,0.21105659,-0.9516156,53.681,1.3941411,0.22950819,0.15585005
53.682,-2.154513,0.29381055,-1.0108055,53.691,1.4112453,0.15437174,0.21449311
53.692,-2.3244858,0.35823524,-1.1291392,53.701,1.42163,0.067018025,0.27313617
53.702,-2.385673,0.4272684,-1.234668,53.711,1.4228518,-0.040494263,0.32628146
53.712,-2.2892742,0.474172,-1.3281701,53.721,1.4246844,-0.14861742,0.37148547
53.722,-2.0532207,0.52941024,-1.3395956,53.731,1.422241,-0.30072287,0.41607866
53.732,-1.6673532,0.5705384,-1.3062317,53.741,1.4124671,-0.3752484,0.43012854
53.742,-1.1680412,0.63969624,-1.1812801,53.751,1.4033041,-0.4228959,0.43196115
53.752,-0.6439514,0.7034128,-1.0432109,53.761,1.3935302,-0.4473305,0.42585248
53.762,-0.1379385,0.7698976,-0.9945512,53.771,1.3733717,-0.44794136,0.42340901
53.772,0.32066345,0.8513787,-1.0299761,53.781,1.3501588,-0.41984156,0.40752652
53.782,0.74802494,1.1016953,-1.01667,53.791,1.3190047,-0.3752484,0.38309193
53.792,1.1000824,1.3652701,-1.0118747,53.801,1.2799094,-0.31721622,0.3592682
53.802,1.2932272,1.5567522,-1.0576773,53.811,1.2347053,-0.27445564,0.32994664
53.812,1.3749771,1.6576515,-1.1616035,53.821,1.190723,-0.21520174,0.29329473
53.822,1.3996077,1.6995566,-1.1081898,53.834,1.1436864,-0.16388905,0.24931243
53.835,1.296361,1.6869916,-1.0022843,53.841,1.1052018,-0.127848,0.20655186
53.842,0.77052116,1.5226307,-0.68400514,53.851,1.0734369,-0.10341338,0.1674565
53.852,0.46002483,1.3868062,-0.4035983,53.861,1.0520566,-0.085087426,0.13630235
53.862,0.19346905,1.2148763,-0.1785965,53.871,1.0343415,-0.06126368,0.113700345
53.872,-0.093907356,1.0115858,-0.011715531,53.881,1.0288438,-0.045992047,0.115532935
53.882,-0.370183,0.81050014,0.13605452,53.891,1.027622,-0.025833495,0.12958284
53.892,-0.6283159,0.6259283,0.27408183,53.901,1.0337306,-0.012394462,0.15951525
53.902,-0.8314886,0.5260185,0.3494891,53.911,1.050224,-0.014837921,0.19066937
53.912,-0.9930868,0.43387425,0.489689,53.921,1.0771021,-0.024611767,0.22732128
53.922,-1.0306349,0.39742422,0.64284897,53.931,1.1186409,-0.031331282,0.26641664
53.932,-1.0411177,0.35439682,0.68828106,53.941,1.1620123,-0.050268106,0.30856636
53.942,-0.9574995,0.31864595,0.7293956,53.951,1.2108816,-0.06859406,0.3482726
53.952,-0.8206749,0.27884316,0.8091781,53.961,1.2566965,-0.08142223,0.3904223
53.962,-0.6183586,0.22711861,0.94382226,53.971,1.3000679,-0.07470272,0.4344046
53.972,-0.44026947,0.12378132,1.029083,53.981,1.3367198,-0.04232686,0.4851064
53.982,-0.26342773,-0.019580603,1.0373458,53.991,1.3599327,0.010207556,0.5480255
53.992,-0.08658123,-0.18106735,0.9598224,54.001,1.3794804,0.081678785,0.6115555
54.002,0.018655777,-0.35691053,0.8251128,54.011,1.3892542,0.19896492,0.70501786
54.012,0.060972214,-0.5299057,0.66388595,54.021,1.4020823,0.26371664,0.7661044
54.022,0.007883072,-0.6589917,0.4790362,54.031,1.4063585,0.311975,0.8216931
54.032,-0.078372,-0.7046864,0.28146482,54.041,1.4039149,0.3553464,0.8748384
54.042,-0.13650036,-0.61805385,-0.020621896,54.051,1.3910868,0.3840571,0.9237076
54.052,-0.21810627,-0.47981447,-0.35656244,54.061,1.3697065,0.38527882,0.97257686
54.062,-0.2873907,-0.2762702,-0.7593723,54.071,1.340385,0.35840076,1.0043418
54.072,-0.26185513,0.053218365,-1.1479986,54.081,1.3073982,0.31564018,1.0165591
54.082,-0.1991291,0.43946666,-1.4112697,54.091,1.2786876,0.2588297,1.0147266
54.092,-0.09714794,0.7111186,-1.6361334,54.101,1.2457008,0.17575204,1.0086179
54.102,-0.017532349,0.8146131,-1.8165989,54.111,1.2267641,0.092063494,0.9609704
54.112,0.35093403,1.1544994,-1.7583827,54.121,1.231651,0.0010445714,0.9017165
54.122,0.77709293,1.1863685,-1.6111457,54.131,1.240203,-0.07287012,0.84734946
54.132,1.0122204,1.1091616,-1.4579011,54.143,1.2505878,-0.11318722,0.7978694
54.144,1.259181,0.9366732,-1.2625463,54.151,1.2646377,-0.12845886,0.7508328
54.152,1.5459614,0.72252023,-0.95230836,54.161,1.3141178,-0.10341338,0.66531163
54.162,1.7007456,0.4534791,-0.7128133,54.171,1.3513806,-0.066150606,0.6005599
54.172,1.7535524,0.078818396,-0.53717214,54.181,1.3916976,-0.02522263,0.54313856
54.182,1.6923704,-0.27482527,-0.4268418,54.191,1.4136888,0.032198705,0.48999333
54.192,1.6561441,-0.5247493,-0.42952532,54.201,1.408191,0.09939388,0.432572
54.202,1.4174442,-0.8089929,-0.42479306,54.211,1.3861998,0.1659782,0.40080702
54.212,1.0599661,-0.9412916,-0.54099315,54.221,1.3568783,0.22645387,0.3849245
54.222,0.6315098,-0.9490508,-0.60357213,54.231,1.3281677,0.2820426,0.3849245
54.232,0.16315746,-0.94475424,-0.64167583,54.241,1.3208373,0.311975,0.40141788
54.246,-0.2687416,-0.86634594,-0.6216542,54.251,1.3348871,0.30586633,0.43196115
54.252,-0.6765499,-0.88520753,-0.61192256,54.261,1.3709283,0.2679927,0.47227824
54.262,-0.9982977,-0.93117464,-0.46408582,54.271,1.4246844,0.2026301,0.5217583
54.272,-1.1780233,-0.97282445,-0.31939328,54.281,1.4876035,0.12260676,0.57673615
54.282,-1.197792,-0.9039926,-0.19170034,54.291,1.5493009,0.04441601,0.6243837
54.292,-1.0624065,-0.77437204,-0.06076622,54.301,1.6116091,-0.066150606,0.68302673
54.302,-0.86435795,-0.5473004,0.065394044,54.311,1.6336004,-0.11990674,0.7099048
54.312,-0.5706291,-0.31420887,0.36076748,54.321,1.6250482,-0.14189789,0.7202895
54.322,-0.20245743,-0.013029575,0.49595976,54.331,1.5774007,-0.13884357,0.70685047
54.332,0.199584,0.30192512,0.58061206,54.341,1.5047077,-0.09363954,0.66653335
54.342,0.61308384,0.663551,0.6507505,54.351,1.4155214,-0.052100703,0.63232493
54.352,0.8200941,0.7444754,0.546497,54.361,1.3232807,-1.7715245E-4,0.5889535
54.362,1.0816078,0.86565125,0.57452893,54.371,1.2285967,0.06029851,0.54558206
54.372,1.2120943,0.9213076,0.5176257,54.381,1.145519,0.1201633,0.5009889
54.382,1.2282906,0.97005737,0.50625277,54.391,1.0722151,0.16658905,0.4680022
54.392,1.125206,0.9837419,0.43441725,54.401,1.0056309,0.1959106,0.44478932
54.402,1.0007057,0.9403508,0.2710024,54.411,0.9561507,0.21790174,0.43196115
54.412,0.59643936,0.90527856,0.27779865,54.421,0.91400105,0.22767559,0.4221873
54.422,0.4484825,0.87135965,0.24924827,54.431,0.8742948,0.23256251,0.40935913
54.432,0.2515049,0.78711987,0.281528,54.441,0.7991584,0.24600154,0.4032505
54.442,0.09433365,0.6876564,0.30342758,54.451,0.7472348,0.25944057,0.39469835
54.452,-0.046995163,0.5905167,0.3029338,54.461,0.6947004,0.2643275,0.38064846
54.462,-0.17736721,0.43354106,0.30103755,54.471,0.6568268,0.26493835,0.36476597
54.472,-0.3303299,0.24671263,0.27404082,54.481,0.62689435,0.2569971,0.3446074
54.482,-0.44988918,0.06659663,0.20398998,54.491,0.6055141,0.23622769,0.32322714
54.492,-0.5242729,-0.10683745,0.17328453,54.501,0.59390765,0.20018664,0.29940337
54.502,-0.6136732,-0.26329696,0.12469721,54.511,0.59024245,0.15376088,0.2725253
54.512,-0.660902,-0.3950448,0.12377608,54.521,0.5896316,0.09756128,0.2517559
54.522,-0.69125366,-0.5065502,0.15933597,54.531,0.5951294,0.039529085,0.23831686
54.532,-0.6843786,-0.5807599,0.26371455,54.541,0.61345536,-0.006285809,0.2322082
54.542,-0.6088333,-0.5908756,0.3755132,54.554,0.62872696,-0.0380508,0.23159733
54.554,-0.49541283,-0.5399158,0.45738423,54.561,0.651329,-0.05637676,0.23892772
54.562,-0.3629322,-0.48341572,0.47801375,54.571,0.6702658,-0.059431084,0.24931243
54.572,-0.19555664,-0.4093486,0.52222896,54.581,0.6953113,-0.04232686,0.26091886
54.582,-0.015720367,-0.2509048,0.46736252,54.591,0.7038634,-0.025833495,0.26091886
54.592,0.118904114,-0.08097935,0.37137628,54.601,0.7001982,-0.0050640777,0.25664282
54.602,0.22625256,0.07615268,0.26291978,54.611,0.6916461,0.019370534,0.2480907
54.612,0.32308197,0.20579678,0.14659572,54.621,0.67454183,0.033420436,0.23281907
54.622,0.3169613,0.2668661,0.047406197,54.631,0.6574376,0.036474757,0.2199909
54.632,0.21732044,0.26331133,-0.036067367,54.641,0.62811613,0.030366108,0.2077736
54.642,0.114995,0.23740178,-0.074166775,54.651,0.6030706,0.025479183,0.1937237
54.658,0.03395176,0.1769979,-0.0707345,54.661,0.57619256,0.014483608,0.17845206
54.662,-0.07144165,0.10479593,-0.06225097,54.671,0.55359054,0.0059314966,0.16684562
54.672,-0.15915012,-0.014682651,-0.067071915,54.681,0.5352646,-0.0056749433,0.1601261
54.682,-0.20645046,-0.11760938,-0.045402527,54.691,0.524269,-0.025833495,0.15585005
54.692,-0.22784233,-0.21824884,-0.07313311,54.701,0.5102191,-0.043548588,0.14913052
54.702,-0.21731853,-0.22341692,-0.04036796,54.711,0.50288874,-0.06553974,0.14485447
54.712,-0.1761198,-0.24910891,0.046004176,54.721,0.49433658,-0.09302867,0.13263717
54.722,-0.16189575,-0.28164315,0.14816332,54.731,0.4918931,-0.0979156,0.119809
54.732,-0.18735409,-0.36420047,0.26498866,54.741,0.49250397,-0.095472135,0.10759169
54.742,-0.23077297,-0.44878924,0.31427836,54.751,0.4992235,-0.09730473,0.09476352
54.752,-0.2718706,-0.49600458,0.33821452,54.761,0.5053322,-0.09302867,0.0758267
54.762,-0.36806488,-0.5590011,0.28000033,54.771,0.5126626,-0.09486127,0.057500742
54.772,-0.41531944,-0.57186615,0.2228458,54.781,0.52243644,-0.10158078,0.03673132
54.782,-0.41740036,-0.5146873,0.13861871,54.791,0.5309885,-0.10768944,0.011685847
54.792,-0.42466068,-0.44185758,0.081243515,54.801,0.54076236,-0.12540454,-0.016413953
54.802,-0.39791393,-0.38511026,0.05793786,54.811,0.5499253,-0.14128703,-0.042070296
54.812,-0.37047195,-0.40822196,0.06346655,54.821,0.55725574,-0.15289347,-0.06711577
54.822,-0.35671902,-0.42307377,0.09769082,54.831,0.5615318,-0.16572164,-0.087885186
54.832,-0.3613491,-0.40864015,0.13188827,54.841,0.55359054,-0.1785498,-0.1123198
54.842,-0.37720394,-0.37588263,0.21759713,54.851,0.5493145,-0.19870836,-0.13553268
54.852,-0.36967373,-0.29372334,0.28358436,54.861,0.5474819,-0.23047334,-0.1685194
54.862,-0.3211069,-0.18963575,0.39311397,54.871,0.5261016,-0.24757758,-0.192954
54.872,-0.26464272,-0.035087705,0.47554612,54.881,0.5089974,-0.24941018,-0.21494515
54.882,-0.1951704,0.12207478,0.5580753,54.891,0.48395187,-0.24269065,-0.23266023
54.892,-0.08619213,0.29889965,0.59700525,54.901,0.4625716,-0.24085805,-0.25404054
54.902,-0.001250267,0.44469577,0.64538324,54.911,0.438137,-0.23536026,-0.27603167
54.912,0.05736065,0.5654709,0.6860347,54.921,0.41736755,-0.22069952,-0.29802284
54.922,0.13533115,0.61444616,0.7455015,54.931,0.3935438,-0.1962649,-0.32062483
54.932,0.15385723,0.5845742,0.78449845,54.941,0.36972007,-0.16144559,-0.3389508
54.942,0.16347027,0.49312696,0.84390354,54.951,0.34711805,-0.13273491,-0.35422242
54.952,0.12701511,0.36932927,0.90388596,54.964,0.32695952,-0.11196549,-0.3670506
54.965,0.14135265,0.2555138,0.9138006,54.971,0.31046614,-0.08875261,-0.37560272
54.972,0.14316368,0.08154756,1.0300304,54.981,0.2848098,-0.06920493,-0.38354397
54.982,0.20782566,0.013066351,1.0865617,54.991,0.25793174,-0.047213778,-0.3982047
54.992,0.19412613,-0.102543,1.2002529,55.001,0.22494501,-0.0068966746,-0.40981117
55.002,0.22929859,-0.21800971,1.1995424,55.011,0.20173213,0.012040146,-0.41225463
55.013,0.23273373,-0.2893319,1.0653672,55.021,0.170578,0.01692707,-0.41164377
55.022,0.20768833,-0.37167585,0.92515373,55.031,0.13820215,0.0065423623,-0.40186992
55.032,0.2568035,-0.41096565,0.73178804,55.041,0.104604565,-0.01911398,-0.37804618
55.042,0.39165115,-0.47213298,0.41916096,55.051,0.07283957,-0.06004195,-0.33650735
55.052,0.56640434,-0.4413769,0.11720896,55.061,0.041685443,-0.11074376,-0.27664253
55.067,0.7893057,-0.2668234,-0.08824003,55.071,0.017861698,-0.15289347,-0.21250169
55.072,1.0437574,-0.060320616,-0.019971967,55.081,0.008087853,-0.15472606,-0.15874556
55.082,1.2767496,0.06720862,0.2932166,55.091,0.027635543,-0.09913732,-0.11720672
55.092,1.4198952,0.06391981,0.68360543,55.101,0.07161784,0.009596691,-0.09704816
55.102,1.4537563,-0.043699145,0.9182725,55.111,0.12537397,0.1586478,-0.09704816
55.112,1.3023949,-0.28502518,0.9549991,55.121,0.1742432,0.30953154,-0.10498941
55.122,0.95987034,-0.5431997,0.73529303,55.131,0.19440174,0.4274285,-0.12514797
55.132,0.46992302,-0.6763839,0.41354978,55.141,0.19440174,0.4891259,-0.14958258
55.142,-0.08940792,-0.7109034,0.10920203,55.151,0.18707137,0.46530217,-0.19478661
55.152,-0.6335573,-0.7083611,-0.054687858,55.161,0.17851925,0.38772228,-0.23021677
55.162,-0.94336796,-0.6785177,-0.35888255,55.171,0.17363232,0.26371664,-0.2650361
55.172,-1.0749779,-0.6667264,-0.6526655,55.181,0.16935627,0.11588725,-0.30474234
55.182,-1.0325623,-0.62578887,-0.8607323,55.191,0.16508022,-0.036218204,-0.3456703
55.192,-0.81027985,-0.5497271,-0.9214777,55.201,0.17363232,-0.16633251,-0.3792679
55.202,-0.52129745,-0.49578944,-0.85522306,55.211,0.19318002,-0.24818844,-0.40125906
55.212,-0.1824255,-0.44194004,-0.6621642,55.221,0.22738847,-0.2805643,-0.41042203
55.222,0.1775999,-0.34567222,-0.3428718,55.231,0.2707599,-0.2524645,-0.40981117
55.232,0.48585987,-0.19469021,-5.3977966E-4,55.241,0.3232943,-0.18465847,-0.40064818
55.242,0.69523144,-0.010191724,0.26158702,55.251,0.38071564,-0.091196075,-0.38537657
55.252,0.85163975,0.35168138,0.42918766,55.261,0.42530882,0.020592265,-0.35727677
55.262,0.7889147,0.48702103,0.38956654,55.272,0.46318245,0.13482407,-0.32917696
55.273,0.69619274,0.59576833,0.29236615,55.281,0.49800178,0.2838752,-0.2845838
55.282,0.4675703,0.7014003,0.09005749,55.291,0.54259497,0.3559573,-0.25831658
55.293,0.28473568,0.83466864,-0.19043863,55.301,0.56214267,0.39688528,-0.23571458
55.302,0.14108276,0.97142947,-0.41780984,55.311,0.57619256,0.40360478,-0.2192212
55.312,0.037103653,1.0772356,-0.5873015,55.321,0.59329677,0.38833314,-0.21127996
55.322,0.022657394,1.1649272,-0.73266566,55.331,0.60612494,0.3626768,-0.2106691
55.332,0.040982246,1.2669339,-0.7595569,55.341,0.61040103,0.34129652,-0.21494515
55.342,0.075712204,1.2981267,-0.7079048,55.351,0.61101186,0.33152267,-0.2143343
55.352,0.11622906,1.281203,-0.6671953,55.361,0.60612494,0.33335528,-0.21127996
55.362,0.12449455,1.2597005,-0.68061614,55.375,0.59207505,0.34435084,-0.20517132
55.375,0.09342861,1.2368004,-0.78706765,55.381,0.565197,0.34801605,-0.1966192
55.382,0.01935482,1.2484388,-0.89401925,55.391,0.54259497,0.3467943,-0.19112141
55.392,-0.082406044,1.2409146,-0.96579003,55.401,0.52060384,0.33579874,-0.18134756
55.402,-0.1868639,1.2134522,-0.95641506,55.411,0.50960827,0.31258586,-0.170352
55.412,-0.3098173,1.1793547,-0.91412413,55.421,0.5089974,0.26554924,-0.14836085
55.422,-0.3967352,1.0871613,-0.8479302,55.431,0.52243644,0.23011905,-0.13003488
55.432,-0.44729328,0.94055533,-0.73184764,55.441,0.54320586,0.1922454,-0.11598499
55.442,-0.47941494,0.75633425,-0.62120533,55.451,0.5670296,0.15986955,-0.10254595
55.452,-0.48093987,0.60862994,-0.5384102,55.461,0.59085333,0.130548,-0.09155038
55.462,-0.50349236,0.5007865,-0.4928819,55.471,0.60856843,0.103059076,-0.07933307
55.472,-0.55043983,0.41726184,-0.48398697,55.481,0.62506175,0.08534398,-0.07139182
55.482,-0.5905609,0.4060244,-0.49785483,55.491,0.6378899,0.056633316,-0.063450575
55.492,-0.72946644,0.40418637,-0.6085751,55.501,0.642166,0.016316205,-0.050622407
55.502,-0.8717766,0.4004799,-0.7226685,55.511,0.64277685,-0.030720416,-0.02985299
55.513,-0.9638519,0.4301324,-0.78434396,55.521,0.6336139,-0.088141754,-0.005418379
55.522,-1.0322838,0.4875121,-0.81899,55.531,0.6201748,-0.14250876,0.017183635
55.532,-1.0565662,0.5437547,-0.76966023,55.541,0.60429233,-0.182215,0.04222911
55.542,-0.9285698,0.61588,-0.5662538,55.551,0.5951294,-0.21214738,0.06788545
55.552,-0.83000946,0.6618886,-0.5018071,55.561,0.59207505,-0.23902547,0.08437881
55.562,-0.7379999,0.6998513,-0.5057024,55.571,0.59207505,-0.27506652,0.11003515
55.572,-0.62288094,0.7460952,-0.49443066,55.581,0.5963511,-0.29339248,0.11919813
55.582,-0.49725628,0.7273276,-0.43257082,55.591,0.60734665,-0.3068315,0.1283611
55.592,-0.39816284,0.72132397,-0.40775192,55.601,0.61528796,-0.3141619,0.14057842
55.602,-0.2787962,0.70699537,-0.40159833,55.611,0.6158988,-0.32821178,0.15768264
55.612,-0.17529392,0.6158408,-0.33212042,55.621,0.61101186,-0.32699007,0.17906293
55.622,-0.043100357,0.58613074,-0.23088527,55.631,0.6036815,-0.3141619,0.19677801
55.632,0.09530258,0.536291,-0.04053259,55.641,0.5994054,-0.2872838,0.21693657
55.642,0.20422745,0.48087764,0.1165787,55.651,0.59268594,-0.24941018,0.2340408
55.652,0.31859112,0.46624386,0.29448116,55.661,0.5810795,-0.20970392,0.24686897
55.662,0.35227585,0.51212096,0.41394258,55.671,0.5688622,-0.17121942,0.24686897
55.672,0.34135056,0.55471075,0.5108224,55.682,0.55297965,-0.13762183,0.24686897
55.682,0.30122662,0.5856731,0.61688256,55.691,0.53770804,-0.10768944,0.23892772
55.692,0.20443916,0.649436,0.7119312,55.701,0.51938206,-0.0820331,0.2322082
55.702,0.022234917,0.68601966,0.7805406,55.711,0.48761708,-0.06248541,0.22365609
55.712,-0.13532257,0.71690655,0.8625536,55.721,0.46684766,-0.0539333,0.21876916
55.722,-0.24092388,0.73383665,0.89806664,55.731,0.44791082,-0.053322434,0.21693657
55.732,-0.37491417,0.74298847,0.9440137,55.741,0.43386093,-0.054544162,0.21876916
55.742,-0.5133877,0.7481395,1.0136199,55.751,0.4204219,-0.05637676,0.22426696
55.752,-0.60373497,0.77130973,1.0818025,55.761,0.41186976,-0.05087897,0.23465167
55.762,-0.6613703,0.72641313,1.1153368,55.771,0.40515026,-0.043548588,0.2517559
55.772,-0.6995783,0.65998054,1.1573576,55.784,0.3990416,-0.038661666,0.269471
55.785,-0.70047,0.60670793,1.1364546,55.791,0.3904895,-0.032553013,0.28901866
55.792,-0.6833763,0.5950886,1.0937878,55.801,0.37766132,-0.028276958,0.3042903
55.802,-0.6362448,0.6088047,1.1132202,55.811,0.36177883,-0.024611767,0.31956193
55.812,-0.5878372,0.6658099,1.105178,55.821,0.34711805,-0.02522263,0.3323901
55.822,-0.506979,0.79418355,1.1931266,55.831,0.33612248,-0.025833495,0.34338567
55.832,-0.44509315,0.84396636,1.268041,55.841,0.33306816,-0.025833495,0.34644002
55.842,-0.40572453,0.8610151,1.2619262,55.851,0.32512692,-0.011783596,0.35438126
55.852,-0.36839867,0.86401254,1.2299885,55.861,0.32451606,0.0040988997,0.35804644
55.862,-0.32470226,0.8824378,1.2154356,55.871,0.3184074,0.02303572,0.3592682
55.872,-0.27460194,0.8875784,1.2013726,55.881,0.311077,0.048692062,0.35743558
55.882,-0.22996807,0.87806386,1.1646744,55.891,0.30130318,0.079846196,0.35254866
55.892,-0.2122469,0.86464787,1.1587387,55.901,0.28542066,0.11161118,0.34216395
55.902,-0.2441101,0.81938046,1.1571825,55.911,0.26831645,0.13115886,0.33177924
55.912,-0.27907562,0.8261639,1.1515036,55.921,0.25609913,0.14643049,0.3201728
55.922,-0.3267355,0.8618451,1.1575963,55.931,0.24388182,0.1586478,0.31223154
55.932,-0.3631897,0.91820496,1.1588886,55.941,0.23594059,0.16292387,0.30978808
55.942,-0.40416527,0.9345552,1.1680428,55.951,0.23288625,0.17758462,0.31100982
55.952,-0.46261883,0.91355103,1.2138822,55.961,0.23594059,0.19285628,0.31895107
55.962,-0.51229954,0.9002397,1.1373925,55.971,0.25060135,0.19102368,0.32933578
55.972,-0.29316902,1.0204484,0.5250244,55.981,0.27992287,0.14093271,0.33727702
55.982,0.2971058,1.0668898,-0.5568582,55.991,0.34711805,-0.0032314807,0.3134533
55.992,0.93326473,0.5754919,-1.2630535,56.001,0.5474819,-0.34226167,0.28535348
56.002,1.3186588,0.09735912,-0.9354073,56.011,0.64094424,-0.50841707,0.24625811
56.012,1.8837051,0.16439474,-0.874339,56.021,0.66049194,-0.5988251,0.20349754
56.022,2.819497,0.23114389,-1.0544775,56.031,0.6158988,-0.5646166,0.15157399
56.032,3.634347,0.1468094,-1.0037212,56.041,0.47601062,-0.4106786,0.09293093
56.042,3.9305706,0.10475421,-1.1659353,56.051,0.27870116,-0.22131038,0.04833776
56.052,3.673708,0.0770064,-1.4139585,56.061,0.09360899,-0.05087897,0.0318444
56.062,3.0449324,-0.05494386,-1.5241035,56.071,-0.048722614,0.10122647,0.06483112
56.072,2.165512,-0.25593263,-1.6149137,56.081,-0.14951539,0.23378423,0.14180015
56.082,1.1389122,-0.60333645,-1.6329689,56.093,-0.16600874,0.3260249,0.2529776
56.093,0.16897774,-0.98487437,-1.4963398,56.101,-0.11408519,0.36145508,0.3763724
56.102,-1.4213934,-1.5770813,-1.1228322,56.111,-0.006572912,0.34129652,0.50893015
56.112,-1.8551555,-1.768256,-0.7810972,56.121,0.14003474,0.29731423,0.6341575
56.122,-1.9870505,-1.8091888,-0.537645,56.131,0.29824883,0.23011905,0.79237163
56.132,-1.8760166,-1.7526199,-0.42523575,56.141,0.515106,0.17941722,0.86201024
56.142,-1.5749426,-1.5917006,-0.46666896,56.151,0.62384003,0.12199589,0.8956078
56.152,-1.199851,-1.3861169,-0.55983484,56.161,0.6910352,0.07129408,0.8937752
56.162,-0.8426981,-1.135708,-0.69685805,56.171,0.7038634,0.022424862,0.85162556
56.172,-0.6364031,-0.9140926,-0.9253942,56.181,0.66232455,-0.032553013,0.781376
56.182,-0.55840015,-0.8133292,-0.8931036,56.196,0.57558167,-0.08692002,0.6970766
56.196,-0.37782192,-0.7440388,-1.0641437,56.201,0.45096514,-0.13701096,0.6097229
56.202,-0.24569988,-0.69231707,-1.1796014,56.211,0.30191404,-0.1785498,0.5223692
56.212,-0.071050644,-0.6573802,-1.3463783,56.221,0.16752368,-0.22558644,0.44478932
56.222,0.09813595,-0.60262805,-1.269687,56.231,0.06489832,-0.27812085,0.3849245
56.232,0.2319479,-0.4675927,-1.1435698,56.241,-0.016346756,-0.33615303,0.3446074
56.242,0.4777155,-0.25497752,-0.9037891,56.252,-0.06888117,-0.36180937,0.32261625
56.252,0.7703638,-0.0465101,-0.50668156,56.261,-0.09392664,-0.3330987,0.31223154
56.262,1.0473824,0.09631343,-0.08965814,56.271,-0.10492221,-0.25490797,0.30856636
56.272,1.3202353,0.22554682,0.20857322,56.281,-0.11042,-0.079589635,0.30245772
56.282,1.4585085,0.30500352,0.3904637,56.291,-0.10675481,0.052357256,0.29940337
56.292,1.4422264,0.31584436,0.47479832,56.301,-0.10675481,0.17575204,0.30306858
56.302,1.2532816,0.20609277,0.37682724,56.311,-0.10919827,0.28143173,0.3042903
56.312,0.91297245,0.005678922,0.17745125,56.321,-0.10370048,0.36695287,0.30001426
56.322,0.59944725,-0.20073593,0.10701132,56.331,-0.10186789,0.41948727,0.2884078
56.332,0.22803879,-0.40777212,-0.18739414,56.341,-0.09698097,0.4310937,0.2780231
56.342,-0.19078827,-0.6317864,-0.37898088,56.351,-0.09759183,0.40543738,0.26702753
56.352,-0.6327019,-0.8130916,-0.58775795,56.361,-0.09698097,0.32846835,0.25542107
56.362,-0.99338627,-0.98029935,-0.7353519,56.371,-0.09331577,0.22706473,0.2480907
56.372,-1.2396946,-1.092849,-0.77792954,56.381,-0.082931064,0.11588725,0.24137118
56.382,-1.3993816,-1.1495965,-0.73136723,56.391,-0.06888117,0.003488034,0.23465167
56.392,-1.3203621,-1.0944165,-0.58411944,56.401,-0.054831266,-0.09363954,0.22976474
56.402,-1.1651316,-1.0044477,-0.51154876,56.411,-0.042003095,-0.17366289,0.2218235
56.412,-0.94772434,-0.9267458,-0.45551598,56.421,-0.012681564,-0.26529267,0.20349754
56.422,-0.7246237,-0.8488602,-0.35076344,56.431,0.008087853,-0.2982794,0.18822591
56.432,-0.4384699,-0.7707813,-0.21993423,56.441,0.028246408,-0.3123293,0.16989996
56.442,-0.2027607,-0.72255737,-0.05838275,56.451,0.0459615,-0.30316633,0.1497414
56.452,-0.0015058517,-0.66171175,0.093902946,56.461,0.05878967,-0.27812085,0.13141544
56.462,0.13675785,-0.621364,0.20342445,56.471,0.063676596,-0.25124276,0.11003515
56.472,0.22990608,-0.5310965,0.20088708,56.481,0.058178805,-0.22008863,0.088044
56.482,0.28272915,-0.4017142,0.25361562,56.491,0.044128906,-0.17732808,0.069107175
56.492,0.33726597,-0.2520408,0.27094913,56.503,0.023359485,-0.14617395,0.04222911
56.504,0.36687374,-0.12225884,0.16325855,56.511,0.008698719,-0.12112847,0.012907578
56.512,0.37021732,0.02210313,0.26872313,56.521,-0.007183777,-0.10402425,-0.017635684
56.522,0.2932644,0.17261928,0.17050433,56.531,-0.029785791,-0.091196075,-0.045735482
56.532,0.21739292,0.31180912,0.11200166,56.541,-0.04994434,-0.08753089,-0.072002694
56.542,0.1963644,0.45789462,0.14077747,56.551,-0.07376809,-0.07897877,-0.112930655
56.552,0.1283741,0.5640414,0.14626718,56.561,-0.106143944,-0.07714618,-0.1404196
56.562,0.049441338,0.62957186,0.16475761,56.571,-0.13118942,-0.07409185,-0.16546507
56.572,-0.060790062,0.63628453,0.22015572,56.581,-0.15928923,-0.0802005,-0.18806708
56.582,-0.14374638,0.60730624,0.22829282,56.591,-0.19166508,-0.089363486,-0.20028439
56.592,-0.25680447,0.5378139,0.32345045,56.601,-0.22343008,-0.0942504,-0.2143343
56.606,-0.2586336,0.4743863,0.39620543,56.611,-0.25947112,-0.112576365,-0.22410813
56.612,-0.22480297,0.39241996,0.43832588,56.621,-0.29551217,-0.1223502,-0.2351037
56.622,-0.17670155,0.3242799,0.5146837,56.631,-0.33155322,-0.12845886,-0.25037533
56.632,-0.12267494,0.23361528,0.64160955,56.641,-0.36453995,-0.12540454,-0.26931217
56.642,-0.020687103,0.152453,0.74742854,56.651,-0.39263976,-0.11624155,-0.2900816
56.652,0.06712246,0.005294025,0.85773075,56.661,-0.4091331,-0.09363954,-0.3145162
56.662,0.09786987,-0.15427816,0.98648405,56.671,-0.41890696,-0.06431801,-0.33650735
56.672,0.15428543,-0.5041074,1.0157613,56.681,-0.42257214,-0.03316388,-0.35544416
56.682,0.17423153,-0.6424594,1.0648594,56.691,-0.42073956,4.3370575E-4,-0.3670506
56.692,0.16728115,-0.76305443,0.96511424,56.701,-0.41768524,0.041972548,-0.37987876
56.702,0.15873528,-0.8318962,0.9778552,56.711,-0.4109657,0.057244174,-0.3884309
56.712,0.15539455,-0.8272057,0.93822145,56.721,-0.4182961,0.07068322,-0.39942646
56.722,0.12847614,-0.83453214,0.9481816,56.731,-0.4256265,0.081678785,-0.40797856
56.732,0.115083694,-0.83173525,0.97450066,56.741,-0.4341786,0.09817215,-0.4159198
56.742,0.09852314,-0.82023877,0.9688448,56.751,-0.4463959,0.10916772,-0.41958502
56.752,0.0631752,-0.82401276,1.0069995,56.761,-0.44700676,0.12505022,-0.42935887
56.762,0.05582714,-0.8196256,1.1149372,56.771,-0.45433715,0.14154357,-0.44035444
56.772,-0.014498711,-0.83138096,1.1115171,56.781,-0.45555887,0.1586478,-0.44829568
56.782,-0.04964924,-0.8502511,1.0497527,56.791,-0.454948,0.18124983,-0.45073915
56.792,-0.036327362,-0.8614181,1.0894763,56.801,-0.4463959,0.20018664,-0.45135
56.802,-0.07996464,-0.8515792,1.0422167,56.812,-0.44089812,0.2185126,-0.4531826
56.813,-0.076423645,-0.8491452,0.9833586,56.821,-0.4372329,0.23622769,-0.45501518
56.822,-0.034172058,-0.8556836,0.9280597,56.831,-0.43112427,0.248445,-0.46112385
56.832,-0.0071372986,-0.8617878,0.8800745,56.841,-0.42745906,0.25455365,-0.47517374
56.842,-0.02423954,-0.8820222,0.7663195,56.851,-0.42990252,0.24477983,-0.49166712
56.852,-0.06299591,-0.91650844,0.71271753,56.861,-0.44211984,0.23378423,-0.5002192
56.862,-0.083911896,-0.975031,0.6248133,56.871,-0.45006108,0.22523212,-0.5063279
56.872,-0.070158005,-1.0487659,0.6266974,56.881,-0.44822848,0.20751703,-0.51121485
56.882,-0.053019524,-1.1507169,0.59342563,56.891,-0.45006108,0.18919107,-0.5136583
56.892,-0.009833336,-1.2266674,0.45588207,56.901,-0.4604458,0.14032185,-0.50754964
56.902,0.055067062,-1.303136,0.13150692,56.914,-0.46533272,0.06335283,-0.47944978
56.914,0.18881893,-1.4545152,-0.33310032,56.921,-0.4744957,-0.06248541,-0.41958502
56.922,0.38899612,-1.5284871,-1.0086598,56.931,-0.5056498,-0.24146894,-0.3389508
56.932,0.73583984,-1.3399688,-1.590018,56.941,-0.5441343,-0.4296154,-0.24976447
56.942,1.2522507,-0.9618331,-1.5563931,56.951,-0.54535604,-0.53590596,-0.17829324
56.952,2.7213736,-0.28658262,0.24921775,56.961,-0.4885456,-0.48764762,-0.12820229
56.962,3.22363,-0.10773702,1.0842212,56.971,-0.40119186,-0.27140132,-0.12026104
56.972,3.2644472,-0.09769641,1.4334198,56.981,-0.2985665,0.19896492,-0.17340632
56.982,2.7676287,-0.2167834,1.2230492,56.991,-0.19655201,0.46713477,-0.24121237
56.992,1.976264,-0.3542112,0.5669217,57.001,-0.17822605,0.62595975,-0.31573793
57.002,1.0107574,-0.38074765,-0.10855496,57.011,-0.19044335,0.7053722,-0.39759386
57.017,0.026612282,-0.28541154,-0.71851444,57.021,-0.23809084,0.71514606,-0.47883895
57.022,-0.87335396,-0.15681379,-1.2746937,57.031,-0.30772948,0.6540595,-0.546645
57.032,-1.5780277,-0.050934654,-1.758327,57.041,-0.38958544,0.52699953,-0.60223377
57.042,-2.0547042,0.011751518,-2.3079712,57.051,-0.4793826,0.34923777,-0.63399875
57.052,-2.3085856,0.13621116,-2.7449338,57.061,-0.5789536,0.1500957,-0.655379
57.062,-2.3847022,0.29279083,-2.8940842,57.071,-0.6650856,-0.028887823,-0.655379
57.072,-2.2139525,0.41865444,-2.603617,57.081,-0.7218961,-0.14800654,-0.6346096
57.082,-1.9234905,0.5754034,-2.1245925,57.091,-0.74694157,-0.22314298,-0.59856856
57.092,-1.6169491,0.7852566,-1.5902073,57.101,-0.73838943,-0.26346007,-0.54297984
57.102,-1.2859211,1.0390655,-1.0304902,57.111,-0.6974615,-0.28361863,-0.47761723
57.112,-0.95146084,1.2035825,-0.48667824,57.122,-0.6284337,-0.28117517,-0.40064818
57.124,-0.5618286,1.2651234,0.09756458,57.131,-0.47571743,-0.20787135,-0.29069245
57.133,-0.1414547,1.2796333,0.635887,57.141,-0.36759427,-0.13151318,-0.23204938
57.142,0.23894405,1.209301,0.9911959,57.151,-0.26802325,-0.039883398,-0.19784093
57.152,0.6057949,1.1508753,1.1801769,57.161,-0.18433471,0.03586389,-0.18684535
57.162,0.8713932,1.065352,1.1403412,57.171,-0.118972115,0.08534398,-0.19417574
57.172,1.0519514,0.9100135,0.91685414,57.181,-0.0682703,0.106724255,-0.2228864
57.182,1.1876364,0.8114634,0.5694194,57.191,-0.04261396,0.09878301,-0.2619818
57.192,1.2527266,0.6749846,0.21144426,57.201,-0.04261396,0.090230905,-0.30290976
57.202,1.2053375,0.37314683,0.16834629,57.211,0.016639967,0.08290052,-0.34505945
57.212,1.1412926,0.08796966,0.04295075,57.221,0.0459615,0.0883983,-0.37438098
57.222,0.9638319,-0.0699746,-0.011832237,57.231,0.069785245,0.11038945,-0.3865983
57.232,0.6552992,-0.14874148,-0.027756095,57.241,0.09360899,0.13360232,-0.38720915
57.242,0.04565525,-0.0061474442,-0.15092683,57.251,0.118043594,0.16658905,-0.36766148
57.252,-0.26053047,0.100910425,-0.23260283,57.261,0.15041944,0.1855259,-0.34200513
57.262,-0.6047363,0.2648335,-0.23786235,57.271,0.202343,0.19102368,-0.30290976
57.272,-0.9646101,0.42412472,-0.2621764,57.281,0.23594059,0.16719991,-0.26992303
57.282,-1.3382797,0.571161,-0.30169618,57.291,0.26404038,0.12382849,-0.23754716
57.292,-1.6794434,0.6698332,-0.3522116,57.301,0.29030758,0.04930293,-0.19845179
57.302,-1.9504905,0.690771,-0.3892517,57.311,0.30985528,-0.03560734,-0.15080431
57.312,-2.0834756,0.6383128,-0.4406463,57.322,0.32451606,-0.11624155,-0.09399384
57.323,-2.096363,0.5904089,-0.38979983,57.331,0.33306816,-0.18832365,-0.0384051
57.332,-1.9937696,0.59945035,-0.38699508,57.341,0.32818124,-0.24757758,0.011685847
57.342,-1.7813249,0.65212417,-0.4134643,57.351,0.31901824,-0.29217073,0.055668145
57.352,-1.4981794,0.7585045,-0.43570852,57.361,0.30557922,-0.3294335,0.08315708
57.362,-1.2265635,0.83807147,-0.36479056,57.371,0.29030758,-0.33554217,0.10820256
57.372,-0.8449564,0.9015446,-0.2205112,57.381,0.2677056,-0.33370957,0.12775025
57.382,-0.5339298,0.9856285,-0.23949432,57.391,0.22799933,-0.32760093,0.14118928
57.392,-0.18083954,1.1007681,-0.19714582,57.401,0.1864605,-0.31110758,0.14546533
57.402,0.12959957,1.1779422,-0.11734176,57.411,0.138813,-0.25674057,0.13324803
57.412,0.38738537,1.2099208,9.5176697E-4,57.421,0.11437841,-0.20603874,0.12347418
57.427,0.5696316,1.2242739,0.08764267,57.431,0.092998125,-0.14495221,0.11308947
57.432,0.622591,1.2186403,0.1549102,57.441,0.07894822,-0.096693866,0.10636996
57.442,0.62138176,1.1527996,0.162184,57.451,0.06673092,-0.057598487,0.102093905
57.452,0.52381706,1.0525115,0.118992805,57.461,0.054513615,-0.028276958,0.1057591
57.462,0.35484314,0.895728,0.13371491,57.471,0.05878967,-0.013005327,0.113700345
57.472,0.15361309,0.7227552,0.24375772,57.481,0.07894822,-0.008729272,0.12286332
57.482,-0.07044792,0.520396,0.38782465,57.491,0.10826976,-0.022168305,0.14302188
57.492,-0.30701923,0.21097326,0.47549272,57.501,0.14614339,-0.03316388,0.16989996
57.502,-0.41488934,-0.119748354,0.65617096,57.511,0.19134742,-0.044159453,0.19677801
57.512,-0.47546673,-0.4778303,0.76959836,57.521,0.24388182,-0.054544162,0.22671042
57.522,-0.46961117,-0.9813421,1.011985,57.531,0.28786412,-0.066761464,0.25786453
57.532,-0.44612503,-1.0339956,1.1215138,57.541,0.32085085,-0.08081137,0.28474262
57.542,-0.43497753,-0.98941344,1.2465158,57.551,0.3642223,-0.08692002,0.31956193
57.552,-0.3892622,-0.8497507,1.406036,57.561,0.39171124,-0.073480986,0.3342227
57.562,-0.30945396,-0.6142422,1.5018845,57.571,0.4204219,-0.047824644,0.3415531
57.572,-0.22769737,-0.34094143,1.5753273,57.581,0.44607824,-0.013005327,0.3415531
57.582,-0.16884041,-0.14022475,1.641096,57.591,0.4802867,0.012651011,0.33788788
57.592,-0.13662434,-0.0092436075,1.6395098,57.601,0.5132734,0.030366108,0.33788788
57.602,-0.12640095,0.070052624,1.6922694,57.611,0.5505362,0.045026876,0.3427748
57.612,-0.111925125,0.10415101,1.7518333,57.621,0.5774143,0.060909368,0.35621384
57.622,-0.11119938,0.14166182,1.78103,57.632,0.6055141,0.08290052,0.37270722
57.633,-0.120583534,0.2727251,1.7759358,57.641,0.62384003,0.11038945,0.3904223
57.642,-0.18551731,0.46951544,1.6647402,57.651,0.62750524,0.14276531,0.40813738
57.652,-0.268795,0.66105634,1.5848935,57.661,0.62506175,0.17086512,0.42096555
57.662,-0.3357706,0.8408903,1.462917,57.671,0.6207857,0.194078,0.42768508
57.672,-0.37214184,0.9652871,1.3713422,57.681,0.6171205,0.21484742,0.43379372
57.682,-0.3792143,1.0212111,1.260455,57.691,0.60917926,0.22828645,0.432572
57.692,-0.37998104,1.0527508,1.0418342,57.701,0.59574026,0.22523212,0.432572
57.702,-0.36294937,1.0127149,0.8504195,57.711,0.59574026,0.20324099,0.432572
57.712,-0.34895325,1.0099761,0.6668608,57.721,0.59574026,0.16658905,0.43684807
57.722,-0.30489445,1.0814528,0.40643144,57.733,0.60795754,0.12688282,0.44417843
57.734,-0.19268608,1.111944,0.13823056,57.741,0.62689435,0.080457054,0.4576175
57.742,0.012503624,1.1351392,-0.19437349,57.752,0.64827466,0.0040988997,0.46128267
57.752,0.38056564,1.1618156,-0.786427,57.761,0.6727093,-0.13212405,0.4588392
57.762,0.9185543,1.0079455,-1.4031972,57.771,0.7252437,-0.2964468,0.43318287
57.772,1.559289,0.7334507,-1.4252224,57.781,0.7637282,-0.42472848,0.3867571
57.782,2.1854906,0.6541201,-1.0978222,57.791,0.73501754,-0.463213,0.3342227
57.792,2.7262144,0.74520344,-0.90579665,57.801,0.6360574,-0.39052004,0.28535348
57.802,3.0674324,0.79365045,-1.008453,57.811,0.48822793,-0.23413855,0.2480907
57.812,2.7436037,0.7029037,-1.221065,57.821,0.3306247,-0.061874546,0.2041084
57.822,2.2061853,0.5716464,-1.3223962,57.831,0.19562347,0.16170213,0.1619587
57.836,1.4476366,0.34948772,-1.3089931,57.841,0.058178805,0.29487076,0.17417601
57.842,0.59905624,0.048153788,-1.1621499,57.851,0.040463712,0.39566353,0.21449311
57.852,-0.18808937,-0.2513023,-0.98290694,57.861,0.07955909,0.44575447,0.27557963
57.862,-0.98524,-0.5332117,-0.86986446,57.871,0.15897156,0.43964583,0.34644002
57.872,-1.520402,-0.77586484,-0.72566664,57.881,0.27198163,0.38588968,0.4295177
57.882,-1.8208175,-0.8748057,-0.77182937,57.891,0.37827218,0.29670337,0.50770843
57.892,-1.8835659,-0.84632635,-0.8706516,57.901,0.47234544,0.18919107,0.56207544
57.902,-1.6801348,-0.67491007,-0.88762784,57.911,0.5352646,0.08778744,0.59872735
57.912,-1.4090242,-0.47018212,-0.9012207,57.921,0.5615318,0.008985825,0.61522067
57.922,-1.0889187,-0.2747475,-1.006834,57.931,0.5456493,-0.059431084,0.6109446
57.932,-0.7662935,-0.17240708,-1.1452446,57.941,0.49311486,-0.111354634,0.5846774
57.942,-0.53905296,-0.13362755,-1.255374,57.951,0.4167567,-0.15106088,0.5480255
57.952,-0.30286694,-0.13775136,-1.3859087,57.961,0.32757038,-0.18832365,0.49793458
57.962,-0.021860123,-0.16678514,-1.4168828,57.971,0.24388182,-0.2066496,0.40202874
57.972,0.2746849,-0.25257862,-1.3265017,57.981,0.15225205,-0.19870836,0.3342227
57.982,0.5404186,-0.36728054,-1.143244,57.991,0.11865447,-0.17916067,0.2798557
57.992,0.6524277,-0.5325886,-0.8754487,58.001,0.099106774,-0.1559478,0.2517559
58.002,0.6766224,-0.6285516,-0.6422303,58.011,0.06856351,-0.13151318,0.24564724
58.012,0.77116394,-0.60395026,-0.439767,58.021,0.038020253,-0.0942504,0.25358847
58.022,0.8619957,-0.5501354,-0.13972569,58.031,0.0025900672,-0.031942148,0.27008185
58.032,0.99503326,-0.48354986,0.102164745,58.041,-0.037116174,0.036474757,0.28901866
58.042,1.0901022,-0.41832042,0.22109795,58.051,-0.071324624,0.10061561,0.30001426
58.052,1.1039543,-0.33518004,0.29810178,58.061,-0.10675481,0.16536734,0.30245772
58.062,1.0173826,-0.33761403,0.24378324,58.071,-0.13607635,0.22523212,0.29940337
58.072,0.83752155,-0.36463353,0.16515028,58.081,-0.1580675,0.2747122,0.2975708
58.082,0.24076176,-0.50425446,-0.29704154,58.091,-0.18189125,0.29792508,0.30551204
58.092,-0.055099487,-0.46577623,-0.5461104,58.101,-0.20266066,0.30647722,0.32078367
58.102,-0.32076073,-0.36862025,-0.9088482,58.111,-0.23809084,0.28937298,0.33483356
58.112,-0.49218273,-0.19402269,-1.1617303,58.121,-0.3095621,0.22278866,0.33300096
58.122,-0.60152054,-0.012493581,-1.3056202,58.131,-0.36576167,0.16475645,0.31162068
58.132,-0.61644936,0.11715165,-1.3162456,58.143,-0.41707435,0.1061134,0.27496877
58.143,-0.5909147,0.15494415,-1.2704787,58.151,-0.4689979,0.052968122,0.22487782
58.152,-0.5990181,0.12757161,-1.175384,58.161,-0.5215323,0.005320631,0.17539774
58.162,-0.61186695,0.06245935,-1.075056,58.171,-0.5746776,-0.041715994,0.12775025
58.172,-0.5969801,-0.07567394,-0.9211216,58.181,-0.618049,-0.09058521,0.08682227
58.182,-0.5542288,-0.19397831,-0.7391691,58.191,-0.6516466,-0.12479366,0.0477269
58.192,-0.52876854,-0.32942164,-0.583603,58.202,-0.6742486,-0.15900213,0.015961904
58.203,-0.47982693,-0.4539885,-0.4557879,58.211,-0.68890935,-0.182215,-0.004807513
58.212,-0.3461237,-0.56558573,-0.36621177,58.221,-0.6999049,-0.1944323,-0.024355203
58.222,-0.23405647,-0.61994135,-0.31327415,58.231,-0.7060136,-0.1980975,-0.0402377
58.232,-0.13750935,-0.62410074,-0.2893015,58.241,-0.72067434,-0.19687577,-0.056731064
58.242,-0.026530266,-0.59243345,-0.28249907,58.251,-0.7341134,-0.19382143,-0.073224425
58.252,0.06895542,-0.58607006,-0.29537153,58.261,-0.7603806,-0.19137797,-0.08971779
58.262,0.11893654,-0.5330395,-0.3189932,58.271,-0.7738196,-0.19259971,-0.09277211
58.272,0.15583801,-0.44208914,-0.31772482,58.281,-0.7939782,-0.1895454,-0.095215574
58.282,0.19159603,-0.31197256,-0.40504682,58.291,-0.81474763,-0.19748664,-0.0946047
58.292,0.20809269,-0.19876575,-0.5032222,58.301,-0.84773433,-0.19931921,-0.0946047
58.302,0.2329874,-0.12636077,-0.54236263,58.311,-0.8813319,-0.1999301,-0.08910692
58.312,0.25673962,-0.0690735,-0.5870415,58.321,-0.9155404,-0.19687577,-0.09032865
58.322,0.29251194,0.015505612,-0.6124404,58.331,-0.95769006,-0.19382143,-0.09399384
58.332,0.30439472,0.066173434,-0.6114713,58.341,-1.0047268,-0.18649106,-0.09399384
58.342,0.2924385,0.085823,-0.53990716,58.351,-1.0603155,-0.1803824,-0.0946047
58.352,0.25549793,0.11033493,-0.47478807,58.361,-1.1226237,-0.17732808,-0.09216124
58.362,0.21987152,0.13415712,-0.3940335,58.371,-1.1873754,-0.1718303,-0.0860526
58.372,0.25266075,0.23666358,-0.17459643,58.381,-1.2625118,-0.15533693,-0.086663455
58.382,0.33842182,0.28437167,-0.087141156,58.391,-1.3321505,-0.122961074,-0.08421999
58.392,0.34086895,0.3170967,0.03575194,58.401,-1.4347758,-0.06431801,-0.09093951
58.402,0.33562565,0.33439183,0.0734328,58.411,-1.506247,-0.029498689,-0.10560028
58.412,0.33428192,0.32437253,0.08548653,58.421,-1.5722206,0.003488034,-0.12514797
58.422,0.29486465,0.29134995,0.07447338,58.431,-1.6400266,0.02731178,-0.15202603
58.432,0.2327528,0.23234451,0.030572057,58.441,-1.7066109,0.041972548,-0.17829324
58.442,0.1430664,0.16304886,-0.040549994,58.452,-1.7744169,0.042583413,-0.20517132
58.453,0.0771122,0.072726846,-0.09560156,58.461,-1.8379469,0.045637734,-0.23449284
58.462,0.10314751,-0.0029670596,-0.0391711,58.471,-1.8953682,0.052968122,-0.26931217
58.472,0.15654373,-0.09813857,0.050386906,58.481,-1.9399614,0.07740273,-0.30962926
58.482,0.16921616,-0.21224278,0.027626514,58.491,-1.9790567,0.09084176,-0.35238984
58.492,0.2308178,-0.33364773,0.024004817,58.501,-2.004713,0.11222205,-0.40125906
58.502,0.27557087,-0.39598262,0.054108024,58.511,-2.0218174,0.13604578,-0.45745865
58.512,0.29271507,-0.46335375,0.056478858,58.521,-2.0303695,0.15742609,-0.5130474
58.522,0.26913452,-0.55224115,0.06589019,58.531,-2.0352564,0.18124983,-0.5698579
58.532,0.19891357,-0.63395405,0.06522739,58.541,-2.0291476,0.20385185,-0.6486595
58.542,0.10591221,-0.70218146,0.041250587,58.553,-2.0163195,0.20996049,-0.70302653
58.554,-0.01336956,-0.76500905,0.06363726,58.561,-1.9906632,0.21057135,-0.75739354
58.562,-0.10146141,-0.79762685,0.06088066,58.571,-1.9576765,0.21118224,-0.81664747
58.572,-0.16426563,-0.8750111,0.054561377,58.581,-1.9136941,0.20018664,-0.8710145
58.582,-0.21858883,-1.034377,0.0013277531,58.591,-1.859938,0.17941722,-0.9235489
58.592,-0.24649048,-1.1823572,-0.09645891,58.601,-1.8122905,0.15192828,-0.9687529
58.602,-0.24918938,-1.2905322,-0.23548108,58.611,-1.7719735,0.10550254,-1.0090699
58.612,-0.21013641,-1.3953669,-0.39556766,58.621,-1.7371541,0.0462486,-1.0328937
58.622,-0.15459251,-1.482726,-0.5451523,58.631,-1.724326,-0.022168305,-1.0390023
58.632,-0.099458694,-1.5773125,-0.72236174,58.641,-1.7206608,-0.07103752,-1.0567174
58.642,0.11824322,-1.3024431,-0.77831316,58.651,-1.715163,-0.12968059,-1.0573283
58.657,0.11647606,-1.2527702,-1.1565435,58.661,-1.6986697,-0.18588018,-1.0237308
58.662,0.26877975,-1.2531784,-1.2646465,58.671,-1.6827872,-0.2243647,-0.96936375
58.672,0.5071125,-1.270221,-1.2458004,58.681,-1.6418592,-0.23230594,-0.8697927
58.682,0.73245335,-1.2126708,-1.1074469,58.691,-1.6162028,-0.20115182,-0.8032084
58.692,0.9296169,-1.0596985,-1.0154233,58.701,-1.6027638,-0.14128703,-0.74090016
58.702,1.0449791,-0.90192723,-0.94175655,58.711,-1.6003203,-0.06859406,-0.68714404
58.712,1.1073561,-0.6533888,-0.87722474,58.721,-1.6100942,0.0047097653,-0.65293556
58.722,1.1431036,-0.24365124,-0.90103704,58.731,-1.6345288,0.081678785,-0.64743775
58.732,1.1427507,0.1783087,-0.93107146,58.741,-1.6626285,0.14581963,-0.66698545
58.742,1.0763292,0.57806814,-1.0377502,58.751,-1.6980587,0.20140839,-0.70608085
58.752,0.8217087,0.7813897,-1.17899,58.761,-1.7402085,0.23011905,-0.7305155
58.762,0.5677891,0.8870686,-1.2897137,58.771,-1.7890776,0.22767559,-0.7488414
58.772,0.39572334,1.0084461,-1.2676848,58.781,-1.8306165,0.20996049,-0.77327603
58.782,0.1915884,1.0523248,-1.1062626,58.791,-1.8636032,0.18186069,-0.79587805
58.792,-0.15691853,1.0084356,-0.91525316,58.801,-1.8788749,0.13787839,-0.8056519
58.802,-0.46927452,1.0392882,-0.7959435,58.811,-1.8972008,0.07373754,-0.80992794
58.812,-0.7947483,1.1106424,-0.7298165,58.821,-1.9222463,-0.085087426,-0.7964889
58.822,-1.0278902,1.1989646,-0.7638596,58.831,-1.9723372,-0.2066496,-0.7842716
58.832,-1.1047935,1.2049793,-0.6497177,58.841,-2.008989,-0.31171843,-0.7720543
58.842,-1.0000935,1.1095468,-0.5233505,58.851,-2.0431976,-0.38624397,-0.7677782
58.853,-0.7457409,0.88560945,-0.28079438,58.862,-2.0670214,-0.42045245,-0.7659456
58.862,-0.38563538,0.5345999,0.0055477023,58.871,-2.078017,-0.43022627,-0.7610587
58.872,-0.04896164,0.12775171,0.22707564,58.881,-2.0651886,-0.41678724,-0.7525066
58.882,0.29301643,-0.2992112,0.5339158,58.891,-2.0273151,-0.38929832,-0.7384567
58.892,0.58047295,-0.7350103,0.88525254,58.901,-1.9692829,-0.35203552,-0.71646553
58.902,0.8312607,-1.0666105,1.1396236,58.911,-1.8935356,-0.3123293,-0.6908092
58.912,0.93626213,-1.3235025,1.346365,58.921,-1.8086253,-0.26529267,-0.65110296
58.922,0.9837456,-1.4896688,1.5866128,58.931,-1.7261585,-0.21092567,-0.6089533
58.932,0.9821396,-1.4480256,1.7742549,58.941,-1.6504112,-0.13945442,-0.5686362
58.942,0.90277004,-1.3479364,1.8359728,58.951,-1.5838269,-0.06553974,-0.5362603
58.952,0.7531395,-1.205981,1.8316694,58.965,-1.5215187,0.0047097653,-0.5185452
58.966,0.53314686,-1.0717452,1.6703304,58.971,-1.4488257,0.08228966,-0.50754964
58.972,0.27454758,-0.98822016,1.4734997,58.981,-1.4115629,0.11283291,-0.50510615
58.982,0.014019012,-0.93412673,1.2525187,58.991,-1.3828523,0.12566108,-0.5044953
58.992,-0.3180666,-0.9062033,0.9931104,59.001,-1.3608612,0.11161118,-0.5002192
59.002,-0.617877,-0.8684552,0.85584176,59.011,-1.329707,0.07801359,-0.49166712
59.012,-0.8078451,-0.7409595,0.7780764,59.021,-1.3083267,0.041972548,-0.47639546
59.022,-0.9012003,-0.5197092,0.958091,59.031,-1.2704531,0.010207556,-0.47150856
59.032,-1.0306196,-0.30734038,0.7188889,59.041,-1.2472402,-0.022168305,-0.45501518
59.042,-1.0406427,-0.11354327,0.74363863,59.051,-1.2081448,-0.04965724,-0.44157615
59.052,-0.940794,0.05293989,0.7412561,59.061,-1.1782124,-0.07103752,-0.42569366
59.062,-0.8615875,0.17210746,0.585639,59.071,-1.1495018,-0.09241781,-0.4092003
59.072,-0.7097311,0.22392511,0.46361995,59.081,-1.1238455,-0.11685242,-0.39331782
59.082,-0.595603,0.22702277,0.19641054,59.091,-1.1036868,-0.14678481,-0.37438098
59.092,-0.46899414,0.18626201,0.008092642,59.101,-1.0902479,-0.19015625,-0.3621637
59.102,-0.32050705,0.14372766,-0.0788455,59.111,-1.0700892,-0.24085805,-0.3389508
59.112,-0.13959312,0.14348316,-0.031776905,59.121,-1.0572611,-0.25674057,-0.32429004
59.122,-0.03933239,0.0963738,0.05807233,59.131,-1.0401568,-0.24513412,-0.30962926
59.132,0.08124161,0.070667505,0.25242984,59.141,-1.0254961,-0.21947777,-0.29496852
59.142,0.2103548,0.052121162,0.40486968,59.151,-1.007781,-0.18282586,-0.2809186
59.152,0.30508614,0.045483947,0.5812433,59.161,-0.9845681,-0.1400653,-0.2705339
59.162,0.3715639,0.03366506,0.74140596,59.171,-0.95463574,-0.09058521,-0.25831658
59.172,0.43978882,0.043146133,0.87516713,59.181,-0.9295903,-0.04232686,-0.24976447
59.182,0.42724895,0.052002907,0.91905415,59.191,-0.90026873,0.0028771684,-0.24487755
59.192,0.33990288,0.04919541,0.8833107,59.201,-0.8709472,0.034031294,-0.23632544
59.202,0.23376083,0.051742077,0.7886013,59.211,-0.8452909,0.049913794,-0.23327112
59.212,0.053595543,0.065115094,0.60798395,59.221,-0.8165802,0.05174639,-0.23449284
59.222,-0.33956814,0.13658488,0.44593585,59.231,-0.79275644,0.039529085,-0.23327112
59.232,-0.52816963,0.20645201,0.3455342,59.241,-0.77748483,0.007153228,-0.22899505
59.242,-0.75321007,0.23685181,0.26311553,59.251,-0.7713762,-0.042937722,-0.21738862
59.252,-0.8427067,0.29677117,0.20011222,59.261,-0.78053916,-0.07531358,-0.20639305
59.262,-0.86941147,0.37075555,0.107899904,59.273,-0.7897021,-0.102802515,-0.192954
59.274,-0.87636375,0.45178187,0.13550389,59.281,-0.8025303,-0.1260154,-0.1752389
59.282,-0.8695307,0.50186956,0.09205294,59.291,-0.8068064,-0.14250876,-0.15385863
59.292,-0.7698574,0.57985115,0.14221478,59.301,-0.8043629,-0.15655866,-0.13308921
59.302,-0.6670971,0.57188475,0.14225864,59.311,-0.79886514,-0.16449991,-0.109876335
59.312,-0.5719919,0.51540124,0.19696927,59.321,-0.79886514,-0.16938683,-0.087885186
59.322,-0.47498608,0.38798738,0.20191658,59.331,-0.79764336,-0.17244115,-0.061007116
59.332,-0.41685963,0.30510414,0.23474932,59.341,-0.80191946,-0.16205645,-0.030463856
59.342,-0.39508915,0.2421298,0.26895487,59.351,-0.803752,-0.15106088,6.902721E-4
59.352,-0.36296082,0.26245618,0.3068868,59.361,-0.803752,-0.13456751,0.030011805
59.362,-0.37178516,0.33934963,0.30616724,59.375,-0.8080281,-0.108300306,0.060555067
59.376,-0.39863777,0.44409227,0.30051088,59.381,-0.8098607,-0.09486127,0.08743314
59.382,-0.47477913,0.44096434,0.22309685,59.391,-0.8080281,-0.089363486,0.13019371
59.392,-0.54799175,0.42393005,0.18484986,59.401,-0.8013086,-0.096693866,0.15340659
59.402,-0.5773773,0.38118386,0.15131104,59.411,-0.7915347,-0.112576365,0.17478687
59.412,-0.56784344,0.36290872,0.14128304,59.421,-0.7829826,-0.12968059,0.19433457
59.422,-0.57807446,0.29262304,0.14167643,59.431,-0.7713762,-0.14556308,0.2181583
59.432,-0.57575893,0.23406255,0.20261931,59.441,-0.7640458,-0.15533693,0.24137118
59.442,-0.5787153,0.21600008,0.25993395,59.451,-0.7524394,-0.15716952,0.26091886
59.452,-0.56755924,0.21758008,0.2997265,59.461,-0.74755245,-0.15961298,0.2810774
59.462,-0.54828453,0.23900723,0.32792032,59.471,-0.7353351,-0.15289347,0.30123597
59.472,-0.54217243,0.29296708,0.4500823,59.481,-0.72433954,-0.14617395,0.31772932
59.482,-0.5502958,0.3645134,0.49373817,59.491,-0.70295924,-0.1400653,0.33300096
59.492,-0.48416233,0.40369415,0.5058745,59.501,-0.6852442,-0.13273491,0.3482726
59.502,-0.32573986,0.43762434,0.45656526,59.511,-0.67180514,-0.13578925,0.36110076
59.512,-0.21642494,0.4996946,0.46529067,59.521,-0.65714437,-0.13334578,0.36843115
59.522,-0.10814476,0.5594493,0.5445926,59.531,-0.64187276,-0.1101329,0.37881586
59.532,-0.00894928,0.6612574,0.5751573,59.541,-0.61865985,-0.08630916,0.378205
59.542,0.057349205,0.7058469,0.560712,59.551,-0.6131621,-0.067983195,0.37698326
59.552,0.105015755,0.7568953,0.5638304,59.561,-0.6113295,-0.049046375,0.37209636
59.562,0.17238522,0.8045629,0.524681,59.571,-0.6094969,-0.03438561,0.36476597
59.572,0.27015114,0.8652768,0.44628263,59.581,-0.6113295,-0.017892249,0.35499212
59.582,0.32291412,0.9268533,0.33939147,59.591,-0.6094969,-0.0013988838,0.34582913
59.592,0.35333443,0.9648007,0.29615974,59.601,-0.6076643,0.016316205,0.34216395
59.602,0.36140728,0.91215074,0.28542793,59.611,-0.5905601,0.02303572,0.33727702
59.612,0.38282776,0.80143976,0.32981813,59.621,-0.563682,0.029144377,0.3342227
59.622,0.46661663,0.6928788,0.37673497,59.631,-0.51542366,0.017537937,0.32689232
59.632,0.6028433,0.5054456,0.43270934,59.641,-0.45128283,-0.011783596,0.3134533
59.642,0.8427868,0.2753533,0.40778124,59.651,-0.38592023,-0.07531358,0.2761905
59.652,1.1690941,-0.04774046,0.4104408,59.661,-0.31750333,-0.14922827,0.22548869
59.662,1.4943771,-0.39030337,0.5289935,59.671,-0.26191458,-0.20115182,0.16256957
59.672,1.746129,-0.715312,0.61270106,59.684,-0.23747998,-0.16877596,0.067274585
59.684,1.8148069,-0.8776336,0.5680162,59.691,-0.27718621,-0.07531358,0.017794501
59.692,1.6878414,-0.8923803,0.33961535,59.701,-0.34865746,0.033420436,-0.027409527
59.702,1.4109669,-0.7422308,0.017893434,59.711,-0.44150898,0.12260676,-0.06650491
59.712,1.0364723,-0.41331315,-0.37249124,59.721,-0.5337496,0.16109127,-0.09277211
59.722,0.5107622,-0.120030105,-0.614782,59.731,-0.60338825,0.16964337,-0.09765904
59.732,-0.05668068,0.13557154,-0.5803343,59.741,-0.640651,0.14520878,-0.075057015
59.742,-0.57683086,0.38294148,-0.48973358,59.751,-0.67180514,0.10061561,-0.028631259
59.752,-0.9915724,0.6169186,-0.42725158,59.761,-0.6834116,0.04319428,0.032455266
59.762,-1.1791363,0.75445986,-0.28252697,59.771,-0.67547035,-0.022168305,0.099039584
59.772,-1.148036,0.82932967,-0.08124447,59.781,-0.6510357,-0.06920493,0.16562389
59.787,-0.69435596,0.55025697,0.24056637,59.791,-0.61865985,-0.09302867,0.2322082
59.792,-0.45098114,0.30457646,0.21276653,59.801,-0.5893383,-0.089363486,0.29329473
59.802,-0.28089333,0.011578262,0.054356456,59.811,-0.57162327,-0.06431801,0.36476597
59.812,-0.13953304,-0.30040482,-0.16106272,59.821,-0.58017534,-0.018503115,0.40141788
59.822,-0.02146244,-0.58633816,-0.33020926,59.831,-0.5985013,0.013261877,0.4136352
59.832,0.111595154,-0.80072266,-0.46611464,59.841,-0.6320989,0.04930293,0.39958528
59.842,0.25864887,-0.9566773,-0.51641345,59.851,-0.6705834,0.08106793,0.35560298
59.852,0.4268856,-1.0353091,-0.52832425,59.861,-0.72617215,0.11894157,0.2871861
59.862,0.43088531,-1.161381,-0.534719,59.871,-0.79092383,0.15070656,0.21876916
59.873,0.42368507,-1.2853962,-0.52294135,59.881,-0.8611734,0.17575204,0.14546533
59.882,0.3476553,-1.3262403,-0.51380646,59.891,-0.93692064,0.19041282,0.080713615
59.892,0.22293568,-1.2851118,-0.5209762,59.901,-1.0138897,0.18369329,0.028790073
59.902,0.09460831,-1.2221111,-0.46003795,59.911,-1.075587,0.16414559,-0.008472707
59.912,0.041428566,-1.1176851,-0.33228195,59.921,-1.1116282,0.14948484,-0.031685587
59.922,0.08506966,-1.0119958,-0.2247212,59.931,-1.1299541,0.14276531,-0.043292027
59.932,0.17901897,-0.95961297,-0.0856477,59.941,-1.1305649,0.15437174,-0.04756808
59.942,0.24938965,-0.91958,-0.020964384,59.951,-1.1220129,0.1745303,-0.048178945
59.952,0.26278687,-0.91923755,-0.044433713,59.961,-1.0914695,0.21423656,-0.04756808
59.962,0.2339077,-0.9622024,-0.14567685,59.971,-1.0743654,0.23744944,-0.046957213
59.972,0.13724995,-1.0108902,-0.27377546,59.981,-1.0523742,0.2539428,-0.05001154
59.982,-0.013023376,-1.0620337,-0.42289865,59.992,-1.039546,0.257608,-0.057341922
59.992,-0.14410496,-1.1035254,-0.5213795,60.001,-1.0328265,0.24172547,-0.07261355
60.002,-0.27800655,-1.1217371,-0.61492634,60.011,-1.0346591,0.21668002,-0.09338297
60.012,-0.38616657,-1.1218532,-0.6238444,60.021,-1.0328265,0.19652146,-0.123315364
60.022,-0.4456854,-1.1336379,-0.54057574,60.031,-1.0371026,0.17330858,-0.15752383
60.032,-0.5068655,-1.1025617,-0.4477538,60.041,-1.03527,0.14643049,-0.19417574
60.042,-0.5374212,-1.08058,-0.39320326,60.051,-1.0334374,0.11588725,-0.22777334
60.052,-0.5530138,-1.0401082,-0.3466432,60.061,-1.0328265,0.07495927,-0.25404054
60.062,-0.58015156,-0.9770878,-0.2726444,60.071,-1.03527,0.025479183,-0.27603167
60.072,-0.5543518,-0.836545,-0.2782296,60.081,-1.0413786,-0.037439935,-0.29435763
60.082,-0.50582314,-0.74635994,-0.23405898,60.094,-1.0468764,-0.09730473,-0.30352062
60.095,-0.4128914,-0.7082015,-0.11665416,60.101,-1.0633698,-0.15900213,-0.30229887
60.102,-0.23005486,-0.58477265,0.021378756,60.111,-1.0707002,-0.16999769,-0.3077967
60.112,-0.018493652,-0.44778043,0.2169621,60.121,-1.071311,-0.15900213,-0.3077967
60.122,0.1635971,-0.38641644,0.40091014,60.131,-1.067035,-0.12906972,-0.3090184
60.132,0.33085728,-0.30386403,0.4808352,60.141,-1.0645915,-0.10463511,-0.3077967
60.142,0.43044186,-0.2547707,0.4982593,60.151,-1.0664241,-0.08325483,-0.3077967
60.152,0.45876408,-0.20626846,0.5058037,60.161,-1.0682567,-0.06309628,-0.31573793
60.162,0.49829102,-0.13300648,0.5495329,60.171,-1.0627589,-0.024611767,-0.33162042
60.172,0.5015335,-0.11217158,0.65264213,60.181,-1.0511525,0.02120313,-0.34933552
60.182,0.42911625,-0.15340048,0.59664035,60.191,-1.0377134,0.060909368,-0.365218
60.193,0.2785139,-0.23958763,0.45407295,60.201,-1.026107,0.07923532,-0.37987876
60.202,0.10075188,-0.3606592,0.28224158,60.211,-1.0199983,0.081678785,-0.39209607
60.212,-0.075722694,-0.49600425,0.16635156,60.221,-1.0163331,0.07190495,-0.4092003
60.222,-0.1960926,-0.62040997,0.11960602,60.231,-1.0114462,0.05174639,-0.42752627
60.232,-0.2653284,-0.7374814,0.12251115,60.241,-1.0028942,0.007153228,-0.460513
60.242,-0.29824543,-0.8425215,0.19157934,60.251,-1.0010616,-0.017281383,-0.4843367
60.252,-0.34346485,-0.91517377,0.28995132,60.261,-0.9980072,-0.044159453,-0.50388443
60.262,-0.33754635,-0.9228317,0.39733744,60.271,-0.99373114,-0.064928874,-0.5191561
60.272,-0.28872013,-0.8842727,0.49386024,60.281,-0.9833464,-0.077757046,-0.5277082
60.282,-0.3008976,-0.8351479,0.69814587,60.291,-0.9674639,-0.08753089,-0.5325951
60.292,-0.26147747,-0.7361261,0.827873,60.301,-0.9448619,-0.09302867,-0.5325951
60.302,-0.17634106,-0.6014856,0.95439744,60.311,-0.92348164,-0.088141754,-0.5344277
60.312,-0.09916401,-0.51185954,1.0277455,60.321,-0.8984361,-0.07592445,-0.5325951
60.322,-0.095648766,-0.46711352,1.082005,60.331,-0.87033635,-0.060652815,-0.5222104
60.332,-0.104709625,-0.4507814,1.1073813,60.341,-0.85078865,-0.04110513,-0.50754964
60.342,-0.13946533,-0.4550547,1.1155391,60.351,-0.826354,-0.020335708,-0.4861693
60.352,-0.26450253,-0.60709655,1.1779273,60.361,-0.8068064,-0.0056749433,-0.4617347
60.362,-0.28248882,-0.6917168,1.1540625,60.371,-0.7866478,0.010207556,-0.4391327
60.372,-0.32154274,-0.7834343,1.0991507,60.381,-0.771987,0.018759668,-0.4092003
60.382,-0.31008625,-0.82393795,1.0429456,60.391,-0.7487742,0.013261877,-0.39453954
60.392,-0.3166914,-0.8509406,0.93933654,60.403,-0.7390003,-0.0013988838,-0.3865983
60.404,-0.3248253,-0.8588228,0.87911963,60.411,-0.72983736,-0.022168305,-0.38048965
60.412,-0.31429577,-0.8576708,0.8067992,60.421,-0.7194526,-0.050268106,-0.37438098
60.422,-0.29363155,-0.86432886,0.819937,60.431,-0.71028966,-0.07164839,-0.36643973
60.432,-0.2865839,-0.85089624,0.89484453,60.441,-0.70295924,-0.09058521,-0.3548333
60.442,-0.24764442,-0.7599815,0.89853,60.451,-0.6937963,-0.10463511,-0.342616
60.452,-0.20547295,-0.6565864,0.8762286,60.461,-0.68768764,-0.1137981,-0.32978782
60.462,-0.1515913,-0.5480479,0.9064965,60.471,-0.6779138,-0.1223502,-0.32245743
60.472,-0.11950779,-0.41492462,0.8841193,60.481,-0.6705834,-0.13029146,-0.31329447
60.482,-0.08175278,-0.30881974,0.8321078,60.491,-0.6687508,-0.13334578,-0.30290976
60.492,-0.12189007,-0.24183731,0.8546417,60.501,-0.6638639,-0.14373049,-0.29557937
60.507,-0.0438385,-0.22572963,0.86673546,60.511,-0.6510357,-0.15289347,-0.29557937
60.512,-0.022280693,-0.24540055,0.88123345,60.521,-0.64370537,-0.16694337,-0.2913033
60.522,0.045654297,-0.29506332,0.8779838,60.531,-0.61743814,-0.17305201,-0.28519467
60.532,0.06916618,-0.4488738,0.9268005,60.541,-0.5807862,-0.18099326,-0.2687013
60.542,0.21929455,-0.73770225,0.8030102,60.551,-0.5392474,-0.20176268,-0.22349727
60.552,0.28589535,-1.0892382,0.4346881,60.561,-0.51725626,-0.2768991,-0.15508036
60.562,0.43035412,-1.300789,-0.07902217,60.571,-0.5251975,-0.38135707,-0.05917452
60.572,0.6065216,-1.524463,-0.2722441,60.581,-0.51481277,-0.45710436,-0.028020393
60.582,1.139904,-1.178794,0.25312138,60.591,-0.45555887,-0.49619973,0.002522869
60.592,1.4812202,-1.3287754,0.7587011,60.601,-0.391418,-0.4809281,0.0318444
60.602,1.9501047,-1.3976172,1.0199327,60.611,-0.33949447,-0.38868743,0.047116034
60.612,2.3025026,-1.220385,1.3428813,60.621,-0.2845166,-0.23536026,0.02940094
60.622,2.536086,-0.8934251,1.5779465,60.631,-0.2264844,-0.057598487,-0.018857416
60.632,2.262103,-0.12375367,1.1888041,60.641,-0.18128037,0.1024482,-0.08544172
60.642,1.6823177,0.16427812,0.58762705,60.651,-0.15195885,0.21790174,-0.16241075
60.652,1.0724106,0.31149465,-0.05482936,60.661,-0.13913068,0.28631866,-0.26442525
60.662,0.48662758,0.3430058,-0.66220963,60.671,-0.16600874,0.26921442,-0.33100954
60.672,0.027474403,0.35816827,-1.1948353,60.681,-0.20082806,0.22950819,-0.38782
60.682,-0.36540222,0.32062793,-1.580003,60.691,-0.250919,0.17208683,-0.4391327
60.692,-0.66384697,0.28760916,-1.9528748,60.701,-0.30772948,0.11100032,-0.48128238
60.702,-0.8263645,0.27110568,-2.1873493,60.714,-0.3669834,0.06029851,-0.51121485
60.714,-0.9379244,0.27907544,-2.3363001,60.721,-0.42135042,0.023646586,-0.52282125
60.722,-1.0582228,0.2891916,-2.3839397,60.731,-0.46655443,-0.0038423464,-0.5179343
60.732,-1.2337246,0.3274991,-2.3589222,60.741,-0.5007629,-0.031942148,-0.4904454
60.742,-1.4320335,0.3705619,-2.2726912,60.751,-0.52764094,-0.06920493,-0.4427979
60.752,-1.5968862,0.41159087,-2.1148803,60.761,-0.53130615,-0.127848,-0.38171136
60.762,-1.6912537,0.40561146,-1.8600346,60.771,-0.5178671,-0.19259971,-0.30657494
60.772,-1.6539006,0.30623013,-1.5417589,60.781,-0.4830478,-0.25002104,-0.22532988
60.782,-1.4422827,0.15060484,-0.99248606,60.791,-0.41768524,-0.29094902,-0.14286305
60.792,-1.0235834,0.070263505,-0.4805665,60.801,-0.34315968,-0.3141619,-0.04878981
60.802,-0.4610138,-0.01969856,0.08182132,60.815,-0.20754759,-0.2891164,-0.026187796
60.815,0.28610134,0.027153373,0.7307979,60.821,-0.107365675,-0.2524645,-0.024966069
60.822,1.0584488,-0.013303578,1.095981,60.831,-0.021844544,-0.16083471,-0.039015967
60.832,1.6879721,-0.06343728,1.5303613,60.841,0.045350634,-0.058209352,-0.072002694
60.842,2.2106943,-0.10340029,1.587229,60.851,0.09605245,0.052357256,-0.13308921
60.852,2.604226,-0.10073185,1.4941882,60.861,0.12781744,0.18674761,-0.2088365
60.862,2.8283815,-0.1247161,1.3425083,60.871,0.14675426,0.30220115,-0.29191417
60.872,2.7069225,-0.2079047,1.1870728,60.881,0.16080415,0.38466796,-0.3621637
60.882,2.2046852,-0.17852104,0.8022833,60.891,0.16691281,0.434148,-0.4128655
60.892,1.577034,-0.090393364,0.405208,60.901,0.16935627,0.47507602,-0.4354675
60.902,0.8919554,0.0050343275,0.123411775,60.911,0.17485406,0.5105062,-0.44218704
60.912,-0.38696003,0.14962518,-0.13132799,60.921,0.19440174,0.53799516,-0.42569366
60.922,-1.0832634,0.16213173,-0.32110643,60.931,0.21700376,0.538606,-0.38415483
60.932,-1.7293744,0.18769777,-0.4573158,60.941,0.24327096,0.5196692,-0.28519467
60.942,-2.2577596,0.18408859,-0.6171272,60.951,0.2951945,0.4310937,-0.20150612
60.952,-2.6776905,0.1758982,-0.7914976,60.961,0.32390517,0.3382422,-0.11842844
60.962,-2.939814,0.21249914,-0.9484675,60.971,0.3410094,0.22339952,-0.031685587
60.972,-3.0150132,0.24918032,-1.0327958,60.981,0.34345287,0.09695042,0.0477269
60.982,-2.9370723,0.2507254,-1.0949386,60.991,0.342842,-0.037439935,0.119809
60.992,-2.6976962,0.15561914,-1.0218624,61.001,0.33673334,-0.15533693,0.18394984
61.002,-2.2149792,0.039064407,-0.8741244,61.011,0.33612248,-0.24085805,0.2303756
61.012,-1.6160026,-0.050049543,-0.65150285,61.021,0.33856595,-0.29094902,0.2621406
61.022,-0.9631872,-0.08423126,-0.41144085,61.031,0.34223112,-0.30133373,0.27741224
61.032,-0.32373333,-0.02674687,-0.22104108,61.041,0.34895065,-0.28484035,0.2810774
61.042,0.28029442,0.091139555,-0.09949088,61.051,0.35261583,-0.24452326,0.27191445
61.052,0.818388,0.2309798,0.05863142,61.061,0.35628104,-0.17671722,0.25603193
61.062,1.1917477,0.34539235,0.23282146,61.071,0.37094182,-0.08569829,0.24381465
61.072,1.3875647,0.3280359,0.43054187,61.081,0.38621342,0.013872743,0.23831686
61.082,1.3975363,0.29908794,0.40440214,61.091,0.4216436,0.14215446,0.2480907
61.092,1.236413,0.270432,0.45358086,61.101,0.4644042,0.22278866,0.2548102
61.102,0.9332447,0.23783398,0.50616145,61.111,0.52060384,0.26249492,0.26702753
61.112,0.54947567,0.15992123,0.4186275,61.121,0.57374907,0.28265345,0.27863395
61.123,0.17205143,0.10094601,0.25201488,61.131,0.62872696,0.27287963,0.2884078
61.132,-0.16245174,0.03230679,0.10332823,61.141,0.6727093,0.24050376,0.29512733
61.142,-0.42820072,-0.011601627,-0.042958975,61.151,0.7118046,0.19041282,0.30123597
61.152,-0.60042286,-0.03057909,-0.16023493,61.161,0.7447914,0.13176975,0.30978808
61.162,-0.67934513,-0.048401237,-0.23444307,61.171,0.7832759,0.076181,0.3165076
61.172,-0.7008009,-0.024334788,-0.2001847,61.181,0.8125974,0.024257451,0.323838
61.182,-0.6706877,0.027310193,-0.1704092,61.191,0.84314066,-0.017281383,0.32994664
61.192,-0.5935497,0.08967018,-0.08989143,61.201,0.8694079,-0.044159453,0.3342227
61.202,-0.37924194,0.21050018,0.14993739,61.211,0.89689684,-0.060652815,0.34399655
61.212,-0.29811192,0.24184191,0.27985334,61.222,0.92621833,-0.07103752,0.3513269
61.223,-0.20630932,0.30302155,0.38172674,61.231,0.9579833,-0.07897877,0.36110076
61.232,-0.10982323,0.3333388,0.4590373,61.241,1.0074635,-0.077757046,0.36476597
61.242,-0.069384575,0.4153362,0.508358,61.251,1.0465587,-0.06981579,0.37270722
61.252,-0.09687042,0.5148667,0.5325866,61.261,1.0777129,-0.054544162,0.3855354
61.262,-0.14428616,0.61447805,0.5178162,61.271,1.1143649,-0.039272532,0.39836356
61.272,-0.22001648,0.6493397,0.49163377,61.281,1.1491841,-0.029498689,0.41424605
61.282,-0.33023167,0.6318854,0.40805602,61.291,1.1882795,-0.030720416,0.4362372
61.292,-0.43332577,0.53406596,0.33530152,61.301,1.2285967,-0.04110513,0.4680022
61.302,-0.5403385,0.4062137,0.37478793,61.311,1.2756332,-0.055155028,0.5046541
61.312,-0.6381664,0.27155352,0.42857158,61.321,1.3208373,-0.067983195,0.5468038
61.326,-0.69448185,0.16318285,0.45458388,61.331,1.3654305,-0.0802005,0.5871209
61.332,-0.7391739,0.08948445,0.4623382,61.341,1.4124671,-0.09241781,0.63110316
61.342,-0.7494879,0.024337173,0.38604212,61.351,1.454006,-0.10891117,0.6640899
61.352,-0.72068787,0.0064504147,0.23716807,61.361,1.4924904,-0.1223502,0.70013094
61.362,-0.67908,0.03741151,0.09463179,61.371,1.5205902,-0.1626673,0.7435024
61.372,-0.59517956,0.074652076,-0.033187985,61.381,1.5547987,-0.1895454,0.7716022
61.382,-0.49263287,0.16154623,-0.112517595,61.391,1.5761789,-0.21459085,0.7942042
61.392,-0.34482384,0.2776153,-0.16218722,61.401,1.5993918,-0.22864076,0.81436276
61.402,-0.20902443,0.46251383,-0.2045511,61.411,1.6219939,-0.24146894,0.8241366
61.412,-0.08389282,0.6057981,-0.25314474,61.421,1.639098,-0.24818844,0.83024526
61.423,-0.0016489029,0.77662504,-0.32516193,61.431,1.6464285,-0.25002104,0.8412408
61.432,0.05937481,0.91752845,-0.37456572,61.441,1.6543697,-0.24696672,0.8522364
61.442,0.1028986,1.0064322,-0.32663786,61.451,1.6653653,-0.2329168,0.8705624
61.452,0.13262272,1.0469319,-0.3042699,61.461,1.6794152,-0.20237356,0.8943861
61.462,0.15244389,1.0927402,-0.29254675,61.471,1.6971303,-0.17060855,0.91943157
61.472,0.16465378,1.1186059,-0.4453683,61.481,1.7221757,-0.14434135,0.95364004
61.482,0.37005138,0.74352235,-1.3186598,61.491,1.7783754,-0.14556308,0.998844
61.492,0.64599895,0.16734542,-1.906888,61.501,1.8645073,-0.20909306,1.053822
61.502,1.0921125,-0.44197017,-2.3770278,61.511,1.9506394,-0.32821178,1.108189
61.512,1.783104,-0.73357916,-2.5975933,61.521,2.016002,-0.57011443,1.0831435
61.522,2.5126705,-0.77540964,-2.659895,61.532,2.0251648,-0.7582609,1.0067854
61.533,3.1649094,-0.57681596,-2.4597464,61.541,1.9824044,-0.8498907,0.90110564
61.542,3.4159737,-0.076390654,-1.9733132,61.551,1.8620639,-0.7833064,0.79481506
61.552,3.0872154,0.39331588,-1.6377059,61.561,1.6849129,-0.62814665,0.6995201
61.562,2.518036,0.63337684,-1.3989964,61.571,1.5376945,-0.47115424,0.6201076
61.572,1.8900061,0.63357925,-1.0882914,61.581,1.4662232,-0.33981824,0.5571885
61.582,1.1260662,0.47331527,-0.78228617,61.591,1.453395,-0.24330151,0.52481264
61.592,0.1923523,0.22407514,-0.49351242,61.601,1.4967664,-0.16755423,0.5388625
61.602,-0.65972614,-0.059523225,-0.19433719,61.611,1.5804551,-0.11563069,0.59628385
61.612,-1.3977871,-0.397223,0.033404827,61.621,1.6861347,-0.077757046,0.6885245
61.622,-1.8780909,-0.59611285,0.076465964,61.633,1.7820406,-0.0802005,0.7825978
61.634,-2.0614743,-0.60500747,-0.09871173,61.641,1.8486248,-0.11196549,0.85834503
61.642,-1.9841361,-0.48274243,-0.26361293,61.651,1.8816116,-0.17732808,0.9053817
61.652,-1.7663631,-0.3563816,-0.52312255,61.661,1.861453,-0.30622065,0.93042713
61.662,-1.4291811,-0.2679028,-0.6418822,61.671,1.7991447,-0.4210633,0.91698813
61.672,-1.0697527,-0.24488533,-0.76921916,61.681,1.7093476,-0.54018205,0.8785036
61.682,-0.6175442,-0.3179536,-0.6802964,61.691,1.6097765,-0.6232597,0.81436276
61.693,-0.054553032,-0.49282825,-0.40331253,61.701,1.5193685,-0.6458617,0.72639817
61.702,0.47217178,-0.7395985,-0.02241993,61.711,1.449119,-0.6110424,0.6207185
61.712,0.95314884,-0.95642936,0.35932314,61.721,1.4026933,-0.5291865,0.5162605
61.722,1.3465738,-1.1173874,0.56375617,61.731,1.3758152,-0.44488704,0.4295177
61.737,1.4956417,-1.1277759,0.59162086,61.741,1.3635979,-0.3685289,0.3678203
61.742,1.4315815,-0.9914651,0.48685408,61.751,1.362987,-0.30316633,0.32261625
61.752,1.365118,-0.81952596,0.3908382,61.761,1.3825346,-0.2243647,0.28962955
61.762,1.3442631,-0.666661,0.591466,61.771,1.4252952,-0.12662625,0.26336232
61.772,1.225605,-0.73904836,0.46793842,61.781,1.4711101,-0.03316388,0.24503638
61.782,0.9780741,-0.9152279,0.29146016,61.791,1.5065403,0.04319428,0.2480907
61.792,0.70609665,-1.0552129,0.2422235,61.801,1.5450249,0.1323806,0.26275146
61.802,0.40284824,-1.1374766,0.26381052,61.811,1.562129,0.18735847,0.27130356
61.812,0.12077141,-1.194717,0.331006,61.821,1.5853419,0.22950819,0.27313617
61.822,-0.16421318,-1.1917658,0.3026175,61.831,1.6061114,0.26127318,0.2676384
61.832,-0.46898746,-1.2058296,0.22161448,61.841,1.6323786,0.27776653,0.25664282
61.842,-0.8045082,-1.2241848,0.12080085,61.851,1.6543697,0.26860356,0.24014945
61.852,-1.1230278,-1.2540351,-0.09998715,61.861,1.6720848,0.22889733,0.22732128
61.862,-1.385601,-1.1851338,-0.28932667,61.871,1.6873565,0.16109127,0.21204965
61.872,-1.6106,-1.0894327,-0.54499656,61.881,1.6965194,0.054189853,0.20105408
61.882,-1.7110357,-0.9200593,-0.7731395,61.891,1.702628,-0.07470272,0.18822591
61.892,-1.6527667,-0.7113913,-0.90397596,61.901,1.7069042,-0.21275827,0.17051081
61.902,-1.4230433,-0.43021393,-0.9847493,61.911,1.7087368,-0.3294335,0.14241101
61.912,-1.0985432,-0.12991083,-0.99162793,61.921,1.7111802,-0.4192307,0.10942429
61.922,-0.7317076,0.08820832,-0.97308576,61.931,1.7056824,-0.4772629,0.07521583
61.932,-0.36280823,0.24223971,-0.9024276,61.943,1.6965194,-0.5096388,0.021459691
61.944,0.013048172,0.3140632,-0.76678526,61.951,1.6922433,-0.50108665,-0.012748763
61.952,0.35717583,0.36680996,-0.6131717,61.961,1.6781934,-0.46443474,-0.05001154
61.962,0.6651592,0.3757342,-0.42642862,61.971,1.6604784,-0.40762427,-0.0823874
61.972,0.8749695,0.34365153,-0.28345746,61.981,1.6329894,-0.34409428,-0.11781758
61.982,0.983284,0.27892387,-0.20293081,61.991,1.6000028,-0.27384478,-0.14530651
61.992,1.0235996,0.1741662,-0.09394437,62.001,1.5664052,-0.2084822,-0.16118902
62.002,0.9710207,0.026321292,-0.024241328,62.011,1.5321966,-0.14861742,-0.17096286
62.012,0.86388874,-0.08147502,-0.0051466823,62.021,1.4967664,-0.08692002,-0.17401719
62.022,0.75621223,-0.15326977,0.054227233,62.031,1.4704993,-0.030109555,-0.17768237
62.032,0.5976467,-0.21093023,0.05847156,62.041,1.4417886,0.018759668,-0.1789041
62.042,0.41808414,-0.2290107,-0.08954412,62.051,1.4204084,0.05357898,-0.1789041
62.052,0.01271534,-0.23955345,-0.21950078,62.061,1.4014715,0.07251581,-0.18379103
62.062,-0.25838852,-0.29132068,-0.42343646,62.071,1.3776478,0.07495927,-0.1844019
62.072,-0.46595955,-0.33408022,-0.6654443,62.081,1.3379415,0.030976973,-0.1807367
62.082,-0.6583586,-0.35176814,-0.75300217,62.091,1.3202264,-0.0111727305,-0.1844019
62.092,-0.64893436,-0.31031454,-0.8407991,62.101,1.2878506,-0.060652815,-0.18928881
62.102,-0.7095785,-0.30587423,-0.9078121,62.111,1.254253,-0.12112847,-0.20211698
62.113,-0.67883873,-0.25972474,-0.8716829,62.121,1.2230989,-0.16999769,-0.21983208
62.123,-0.55427265,-0.18739474,-0.8129911,62.131,1.1870579,-0.19931921,-0.2454884
62.133,-0.44599915,-0.19014907,-0.75273156,62.141,1.1467407,-0.22131038,-0.28214034
62.142,-0.37016964,-0.2169038,-0.6459324,62.151,1.1052018,-0.23230594,-0.3230683
62.152,-0.28538132,-0.23892748,-0.6352052,62.161,1.0569435,-0.23536026,-0.3719375
62.162,-0.20814228,-0.26854157,-0.657987,62.171,1.0050199,-0.2347494,-0.42080674
62.172,-0.21140003,-0.30569875,-0.73110884,62.181,0.94576603,-0.23536026,-0.46478903
62.182,-0.22079086,-0.33130175,-0.82913667,62.191,0.8877338,-0.2439124,-0.5002192
62.192,-0.22672462,-0.3207003,-0.93316174,62.201,0.8290908,-0.25368622,-0.53198427
62.202,-0.21121502,-0.23079735,-1.0357617,62.211,0.76800424,-0.26956874,-0.56008404
62.212,-0.21376133,-0.1263175,-1.0514672,62.221,0.7050851,-0.30194458,-0.5869621
62.222,-0.19130516,-0.0023548007,-1.023399,62.231,0.6207857,-0.32699007,-0.5887947
62.232,-0.14234257,0.11181432,-0.8282611,62.241,0.58840984,-0.33798563,-0.58329695
62.242,-0.019891739,0.29077506,-0.59444183,62.251,0.56031007,-0.33981824,-0.5716905
62.252,0.16655731,0.46760088,-0.43310386,62.261,0.54076236,-0.32821178,-0.55641884
62.262,0.38125706,0.5845187,-0.22627896,62.271,0.52243644,-0.29278162,-0.5393146
62.272,0.58119106,0.6745616,0.013378501,62.281,0.50777566,-0.23658201,-0.5167126
62.282,0.70903206,0.7136913,0.26349664,62.291,0.49250397,-0.16633251,-0.4843367
62.292,0.7755928,0.73896164,0.45958614,62.301,0.48456272,-0.089974344,-0.4391327
62.302,0.8060055,0.6766539,0.6359324,62.311,0.47417802,-0.020335708,-0.39637214
62.312,0.76659393,0.74757135,0.65330434,62.321,0.4534086,0.02731178,-0.34933552
62.322,0.62963486,0.75096214,0.6705787,62.331,0.44424564,0.06335283,-0.30107716
62.332,0.535079,0.7920655,0.892057,62.341,0.42958486,0.076181,-0.24365583
62.342,0.432477,0.7878826,0.9319856,62.353,0.4130915,0.070072345,-0.15569122
62.354,0.40668297,0.8203429,0.9393753,62.361,0.3660549,0.025479183,-0.0060292445
62.362,0.53523827,0.8966668,1.009975,62.371,0.3232943,0.010207556,0.090487465
